0.001	0.423579546
0.002	0.458518902
0.003	0.420044561
0.004	0.377389999
0.005	0.340015262
0.006	0.308513474
0.007	0.282009616
0.008	0.259536007
0.009	0.240285453
0.01	0.223626535
0.011	0.209072269
0.012	0.196246161
0.013	0.184854665
0.014	0.174666461
0.015	0.165497227
0.016	0.157198489
0.017	0.149649401
0.018	0.142750651
0.019	0.136419883
0.02	0.130588233
0.021	0.12519767
0.022	0.120198942
0.023	0.115549969
0.024	0.111214578
0.025	0.107161495
0.026	0.103363538
0.027	0.099796961
0.028	0.096440928
0.029	0.093277072
0.03	0.09028914
0.031	0.087462693
0.032	0.084784857
0.033	0.082244115
0.034	0.07983013
0.035	0.077533597
0.036	0.075346117
0.037	0.073260085
0.038	0.071268599
0.039	0.06936538
0.04	0.067544704
0.041	0.065801335
0.042	0.064130482
0.043	0.062527746
0.044	0.060989082
0.045	0.059510764
0.046	0.058089355
0.047	0.056721675
0.048	0.055404783
0.049	0.054135948
0.05	0.052912638
0.051	0.051732495
0.052	0.050593323
0.053	0.049493076
0.054	0.048429842
0.055	0.047401834
0.056	0.04640738
0.057	0.045444912
0.058	0.044512959
0.059	0.043610141
0.06	0.042735159
0.061	0.041886792
0.062	0.041063889
0.063	0.040265364
0.064	0.039490194
0.065	0.038737413
0.066	0.038006104
0.067	0.037295405
0.068	0.036604496
0.069	0.0359326
0.07	0.035278983
0.071	0.034642945
0.072	0.034023823
0.073	0.033420988
0.074	0.032833839
0.075	0.032261807
0.076	0.031704348
0.077	0.031160945
0.078	0.030631105
0.079	0.030114357
0.08	0.029610251
0.081	0.029118359
0.082	0.028638272
0.083	0.028169596
0.084	0.027711958
0.085	0.027264998
0.086	0.026828373
0.087	0.026401754
0.088	0.025984826
0.089	0.025577287
0.09	0.025178845
0.091	0.024789224
0.092	0.024408155
0.093	0.024035382
0.094	0.023670659
0.095	0.023313747
0.096	0.02296442
0.097	0.022622458
0.098	0.022287649
0.099	0.02195979
0.1	0.021638686
0.101	0.021324147
0.102	0.021015993
0.103	0.020714047
0.104	0.020418142
0.105	0.020128113
0.106	0.019843803
0.107	0.01956506
0.108	0.019291738
0.109	0.019023695
0.11	0.018760794
0.111	0.018502903
0.112	0.018249893
0.113	0.018001641
0.114	0.017758027
0.115	0.017518935
0.116	0.017284254
0.117	0.017053874
0.118	0.016827691
0.119	0.016605602
0.12	0.01638751
0.121	0.016173318
0.122	0.015962933
0.123	0.015756267
0.124	0.015553232
0.125	0.015353743
0.126	0.015157718
0.127	0.014965078
0.128	0.014775746
0.129	0.014589646
0.13	0.014406706
0.131	0.014226855
0.132	0.014050025
0.133	0.013876148
0.134	0.013705159
0.135	0.013536997
0.136	0.013371599
0.137	0.013208905
0.138	0.013048859
0.139	0.012891403
0.14	0.012736482
0.141	0.012584043
0.142	0.012434035
0.143	0.012286406
0.144	0.012141108
0.145	0.011998092
0.146	0.011857312
0.147	0.011718721
0.148	0.011582277
0.149	0.011447935
0.15	0.011315654
0.151	0.011185393
0.152	0.011057111
0.153	0.010930769
0.154	0.01080633
0.155	0.010683756
0.156	0.010563012
0.157	0.010444062
0.158	0.010326871
0.159	0.010211406
0.16	0.010097634
0.161	0.009985523
0.162	0.009875042
0.163	0.009766161
0.164	0.009658848
0.165	0.009553077
0.166	0.009448817
0.167	0.009346042
0.168	0.009244724
0.169	0.009144836
0.17	0.009046354
0.171	0.00894925
0.172	0.008853502
0.173	0.008759083
0.174	0.008665972
0.175	0.008574145
0.176	0.008483578
0.177	0.008394251
0.178	0.008306141
0.179	0.008219227
0.18	0.008133489
0.181	0.008048905
0.182	0.007965458
0.183	0.007883126
0.184	0.007801892
0.185	0.007721736
0.186	0.00764264
0.187	0.007564587
0.188	0.007487559
0.189	0.007411539
0.19	0.00733651
0.191	0.007262457
0.192	0.007189362
0.193	0.00711721
0.194	0.007045986
0.195	0.006975674
0.196	0.006906261
0.197	0.006837731
0.198	0.00677007
0.199	0.006703264
0.2	0.0066373
0.201	0.006572165
0.202	0.006507844
0.203	0.006444326
0.204	0.006381598
0.205	0.006319647
0.206	0.006258462
0.207	0.00619803
0.208	0.006138339
0.209	0.006079379
0.21	0.006021138
0.211	0.005963606
0.212	0.00590677
0.213	0.005850622
0.214	0.005795149
0.215	0.005740343
0.216	0.005686193
0.217	0.005632689
0.218	0.005579822
0.219	0.005527582
0.22	0.00547596
0.221	0.005424947
0.222	0.005374533
0.223	0.005324711
0.224	0.00527547
0.225	0.005226804
0.226	0.005178703
0.227	0.00513116
0.228	0.005084166
0.229	0.005037713
0.23	0.004991794
0.231	0.004946401
0.232	0.004901527
0.233	0.004857164
0.234	0.004813305
0.235	0.004769942
0.236	0.00472707
0.237	0.00468468
0.238	0.004642767
0.239	0.004601323
0.24	0.004560342
0.241	0.004519818
0.242	0.004479745
0.243	0.004440116
0.244	0.004400924
0.245	0.004362165
0.246	0.004323832
0.247	0.00428592
0.248	0.004248422
0.249	0.004211333
0.25	0.004174648
0.251	0.004138361
0.252	0.004102468
0.253	0.004066961
0.254	0.004031837
0.255	0.003997091
0.256	0.003962717
0.257	0.00392871
0.258	0.003895066
0.259	0.00386178
0.26	0.003828847
0.261	0.003796263
0.262	0.003764023
0.263	0.003732122
0.264	0.003700557
0.265	0.003669322
0.266	0.003638414
0.267	0.003607829
0.268	0.003577562
0.269	0.003547609
0.27	0.003517966
0.271	0.00348863
0.272	0.003459596
0.273	0.00343086
0.274	0.00340242
0.275	0.00337427
0.276	0.003346409
0.277	0.003318831
0.278	0.003291533
0.279	0.003264512
0.28	0.003237765
0.281	0.003211288
0.282	0.003185078
0.283	0.003159131
0.284	0.003133444
0.285	0.003108014
0.286	0.003082838
0.287	0.003057914
0.288	0.003033236
0.289	0.003008804
0.29	0.002984613
0.291	0.002960662
0.292	0.002936946
0.293	0.002913464
0.294	0.002890212
0.295	0.002867187
0.296	0.002844388
0.297	0.002821811
0.298	0.002799453
0.299	0.002777313
0.3	0.002755387
0.301	0.002733673
0.302	0.002712168
0.303	0.002690871
0.304	0.002669778
0.305	0.002648887
0.306	0.002628196
0.307	0.002607703
0.308	0.002587405
0.309	0.0025673
0.31	0.002547386
0.311	0.00252766
0.312	0.002508121
0.313	0.002488766
0.314	0.002469593
0.315	0.002450601
0.316	0.002431786
0.317	0.002413148
0.318	0.002394683
0.319	0.002376391
0.32	0.002358269
0.321	0.002340315
0.322	0.002322528
0.323	0.002304905
0.324	0.002287444
0.325	0.002270145
0.326	0.002253004
0.327	0.002236021
0.328	0.002219194
0.329	0.00220252
0.33	0.002185999
0.331	0.002169627
0.332	0.002153405
0.333	0.00213733
0.334	0.002121401
0.335	0.002105615
0.336	0.002089972
0.337	0.00207447
0.338	0.002059108
0.339	0.002043883
0.34	0.002028794
0.341	0.002013841
0.342	0.00199902
0.343	0.001984332
0.344	0.001969775
0.345	0.001955346
0.346	0.001941046
0.347	0.001926872
0.348	0.001912823
0.349	0.001898898
0.35	0.001885096
0.351	0.001871414
0.352	0.001857853
0.353	0.00184441
0.354	0.001831085
0.355	0.001817876
0.356	0.001804782
0.357	0.001791801
0.358	0.001778934
0.359	0.001766177
0.36	0.001753531
0.361	0.001740994
0.362	0.001728566
0.363	0.001716244
0.364	0.001704027
0.365	0.001691916
0.366	0.001679908
0.367	0.001668003
0.368	0.001656199
0.369	0.001644496
0.37	0.001632892
0.371	0.001621387
0.372	0.001609979
0.373	0.001598668
0.374	0.001587452
0.375	0.001576331
0.376	0.001565303
0.377	0.001554369
0.378	0.001543525
0.379	0.001532773
0.38	0.00152211
0.381	0.001511537
0.382	0.001501051
0.383	0.001490653
0.384	0.001480342
0.385	0.001470115
0.386	0.001459974
0.387	0.001449916
0.388	0.001439941
0.389	0.001430049
0.39	0.001420238
0.391	0.001410508
0.392	0.001400857
0.393	0.001391285
0.394	0.001381792
0.395	0.001372376
0.396	0.001363037
0.397	0.001353774
0.398	0.001344587
0.399	0.001335474
0.4	0.001326434
0.401	0.001317468
0.402	0.001308574
0.403	0.001299752
0.404	0.001291001
0.405	0.001282321
0.406	0.00127371
0.407	0.001265168
0.408	0.001256694
0.409	0.001248289
0.41	0.00123995
0.411	0.001231678
0.412	0.001223471
0.413	0.00121533
0.414	0.001207253
0.415	0.001199241
0.416	0.001191291
0.417	0.001183405
0.418	0.001175581
0.419	0.001167818
0.42	0.001160116
0.421	0.001152475
0.422	0.001144894
0.423	0.001137372
0.424	0.001129909
0.425	0.001122504
0.426	0.001115157
0.427	0.001107867
0.428	0.001100634
0.429	0.001093457
0.43	0.001086336
0.431	0.00107927
0.432	0.001072258
0.433	0.0010653
0.434	0.001058397
0.435	0.001051546
0.436	0.001044748
0.437	0.001038002
0.438	0.001031308
0.439	0.001024665
0.44	0.001018073
0.441	0.001011531
0.442	0.001005039
0.443	0.000998597
0.444	0.000992203
0.445	0.000985858
0.446	0.000979561
0.447	0.000973312
0.448	0.00096711
0.449	0.000960955
0.45	0.000954846
0.451	0.000948784
0.452	0.000942766
0.453	0.000936795
0.454	0.000930867
0.455	0.000924985
0.456	0.000919146
0.457	0.000913351
0.458	0.000907599
0.459	0.00090189
0.46	0.000896224
0.461	0.000890599
0.462	0.000885016
0.463	0.000879475
0.464	0.000873975
0.465	0.000868515
0.466	0.000863096
0.467	0.000857717
0.468	0.000852377
0.469	0.000847077
0.47	0.000841815
0.471	0.000836592
0.472	0.000831407
0.473	0.000826261
0.474	0.000821152
0.475	0.00081608
0.476	0.000811045
0.477	0.000806047
0.478	0.000801085
0.479	0.000796159
0.48	0.000791269
0.481	0.000786414
0.482	0.000781594
0.483	0.00077681
0.484	0.000772059
0.485	0.000767343
0.486	0.000762661
0.487	0.000758013
0.488	0.000753398
0.489	0.000748816
0.49	0.000744267
0.491	0.00073975
0.492	0.000735266
0.493	0.000730814
0.494	0.000726393
0.495	0.000722004
0.496	0.000717646
0.497	0.000713319
0.498	0.000709023
0.499	0.000704757
0.5	0.000700522
0.501	0.000696316
0.502	0.00069214
0.503	0.000687993
0.504	0.000683876
0.505	0.000679787
0.506	0.000675728
0.507	0.000671697
0.508	0.000667694
0.509	0.000663719
0.51	0.000659771
0.511	0.000655852
0.512	0.00065196
0.513	0.000648095
0.514	0.000644256
0.515	0.000640445
0.516	0.00063666
0.517	0.000632901
0.518	0.000629168
0.519	0.000625461
0.52	0.00062178
0.521	0.000618124
0.522	0.000614493
0.523	0.000610887
0.524	0.000607306
0.525	0.00060375
0.526	0.000600218
0.527	0.00059671
0.528	0.000593227
0.529	0.000589767
0.53	0.000586331
0.531	0.000582918
0.532	0.000579528
0.533	0.000576162
0.534	0.000572818
0.535	0.000569497
0.536	0.000566199
0.537	0.000562923
0.538	0.000559669
0.539	0.000556438
0.54	0.000553228
0.541	0.00055004
0.542	0.000546873
0.543	0.000543727
0.544	0.000540603
0.545	0.0005375
0.546	0.000534417
0.547	0.000531355
0.548	0.000528314
0.549	0.000525293
0.55	0.000522292
0.551	0.000519312
0.552	0.000516351
0.553	0.00051341
0.554	0.000510488
0.555	0.000507586
0.556	0.000504703
0.557	0.000501839
0.558	0.000498994
0.559	0.000496168
0.56	0.000493361
0.561	0.000490572
0.562	0.000487802
0.563	0.00048505
0.564	0.000482316
0.565	0.0004796
0.566	0.000476902
0.567	0.000474221
0.568	0.000471558
0.569	0.000468913
0.57	0.000466285
0.571	0.000463674
0.572	0.00046108
0.573	0.000458503
0.574	0.000455942
0.575	0.000453399
0.576	0.000450872
0.577	0.000448361
0.578	0.000445867
0.579	0.000443388
0.58	0.000440926
0.581	0.00043848
0.582	0.000436049
0.583	0.000433635
0.584	0.000431235
0.585	0.000428852
0.586	0.000426483
0.587	0.00042413
0.588	0.000421792
0.589	0.000419469
0.59	0.000417161
0.591	0.000414867
0.592	0.000412588
0.593	0.000410324
0.594	0.000408074
0.595	0.000405839
0.596	0.000403618
0.597	0.000401411
0.598	0.000399218
0.599	0.000397039
0.6	0.000394873
0.601	0.000392722
0.602	0.000390584
0.603	0.000388459
0.604	0.000386348
0.605	0.000384251
0.606	0.000382166
0.607	0.000380095
0.608	0.000378036
0.609	0.000375991
0.61	0.000373959
0.611	0.000371939
0.612	0.000369932
0.613	0.000367937
0.614	0.000365955
0.615	0.000363986
0.616	0.000362028
0.617	0.000360083
0.618	0.00035815
0.619	0.000356229
0.62	0.00035432
0.621	0.000352423
0.622	0.000350537
0.623	0.000348664
0.624	0.000346802
0.625	0.000344951
0.626	0.000343112
0.627	0.000341284
0.628	0.000339468
0.629	0.000337663
0.63	0.000335868
0.631	0.000334085
0.632	0.000332313
0.633	0.000330552
0.634	0.000328801
0.635	0.000327062
0.636	0.000325333
0.637	0.000323614
0.638	0.000321906
0.639	0.000320209
0.64	0.000318522
0.641	0.000316845
0.642	0.000315178
0.643	0.000313522
0.644	0.000311875
0.645	0.000310239
0.646	0.000308612
0.647	0.000306996
0.648	0.000305389
0.649	0.000303792
0.65	0.000302204
0.651	0.000300626
0.652	0.000299058
0.653	0.000297499
0.654	0.00029595
0.655	0.000294409
0.656	0.000292879
0.657	0.000291357
0.658	0.000289844
0.659	0.000288341
0.66	0.000286846
0.661	0.000285361
0.662	0.000283884
0.663	0.000282416
0.664	0.000280957
0.665	0.000279507
0.666	0.000278065
0.667	0.000276632
0.668	0.000275208
0.669	0.000273791
0.67	0.000272384
0.671	0.000270984
0.672	0.000269593
0.673	0.00026821
0.674	0.000266836
0.675	0.000265469
0.676	0.000264111
0.677	0.000262761
0.678	0.000261418
0.679	0.000260084
0.68	0.000258757
0.681	0.000257438
0.682	0.000256127
0.683	0.000254823
0.684	0.000253528
0.685	0.00025224
0.686	0.000250959
0.687	0.000249686
0.688	0.00024842
0.689	0.000247162
0.69	0.000245911
0.691	0.000244667
0.692	0.000243431
0.693	0.000242202
0.694	0.000240979
0.695	0.000239764
0.696	0.000238557
0.697	0.000237356
0.698	0.000236162
0.699	0.000234975
0.7	0.000233795
0.701	0.000232621
0.702	0.000231455
0.703	0.000230295
0.704	0.000229142
0.705	0.000227995
0.706	0.000226855
0.707	0.000225722
0.708	0.000224595
0.709	0.000223475
0.71	0.000222361
0.711	0.000221254
0.712	0.000220152
0.713	0.000219057
0.714	0.000217969
0.715	0.000216886
0.716	0.00021581
0.717	0.00021474
0.718	0.000213676
0.719	0.000212618
0.72	0.000211566
0.721	0.000210521
0.722	0.000209481
0.723	0.000208447
0.724	0.000207418
0.725	0.000206396
0.726	0.000205379
0.727	0.000204369
0.728	0.000203364
0.729	0.000202364
0.73	0.00020137
0.731	0.000200382
0.732	0.0001994
0.733	0.000198422
0.734	0.000197451
0.735	0.000196485
0.736	0.000195524
0.737	0.000194569
0.738	0.000193619
0.739	0.000192674
0.74	0.000191735
0.741	0.000190801
0.742	0.000189872
0.743	0.000188948
0.744	0.00018803
0.745	0.000187116
0.746	0.000186208
0.747	0.000185305
0.748	0.000184407
0.749	0.000183514
0.75	0.000182625
0.751	0.000181742
0.752	0.000180864
0.753	0.00017999
0.754	0.000179121
0.755	0.000178257
0.756	0.000177398
0.757	0.000176544
0.758	0.000175694
0.759	0.000174849
0.76	0.000174009
0.761	0.000173173
0.762	0.000172342
0.763	0.000171516
0.764	0.000170694
0.765	0.000169876
0.766	0.000169063
0.767	0.000168255
0.768	0.000167451
0.769	0.000166651
0.77	0.000165856
0.771	0.000165065
0.772	0.000164278
0.773	0.000163496
0.774	0.000162717
0.775	0.000161944
0.776	0.000161174
0.777	0.000160409
0.778	0.000159647
0.779	0.00015889
0.78	0.000158137
0.781	0.000157388
0.782	0.000156643
0.783	0.000155902
0.784	0.000155165
0.785	0.000154433
0.786	0.000153704
0.787	0.000152979
0.788	0.000152258
0.789	0.00015154
0.79	0.000150827
0.791	0.000150118
0.792	0.000149412
0.793	0.00014871
0.794	0.000148012
0.795	0.000147318
0.796	0.000146627
0.797	0.00014594
0.798	0.000145257
0.799	0.000144577
0.8	0.000143901
0.801	0.000143229
0.802	0.00014256
0.803	0.000141895
0.804	0.000141233
0.805	0.000140575
0.806	0.000139921
0.807	0.000139269
0.808	0.000138622
0.809	0.000137977
0.81	0.000137337
0.811	0.000136699
0.812	0.000136065
0.813	0.000135435
0.814	0.000134807
0.815	0.000134183
0.816	0.000133562
0.817	0.000132945
0.818	0.000132331
0.819	0.00013172
0.82	0.000131112
0.821	0.000130508
0.822	0.000129906
0.823	0.000129308
0.824	0.000128713
0.825	0.000128121
0.826	0.000127532
0.827	0.000126947
0.828	0.000126364
0.829	0.000125784
0.83	0.000125208
0.831	0.000124634
0.832	0.000124064
0.833	0.000123496
0.834	0.000122931
0.835	0.00012237
0.836	0.000121811
0.837	0.000121255
0.838	0.000120702
0.839	0.000120152
0.84	0.000119605
0.841	0.000119061
0.842	0.000118519
0.843	0.00011798
0.844	0.000117444
0.845	0.000116911
0.846	0.000116381
0.847	0.000115853
0.848	0.000115328
0.849	0.000114806
0.85	0.000114286
0.851	0.000113769
0.852	0.000113255
0.853	0.000112744
0.854	0.000112235
0.855	0.000111728
0.856	0.000111225
0.857	0.000110724
0.858	0.000110225
0.859	0.000109729
0.86	0.000109236
0.861	0.000108745
0.862	0.000108256
0.863	0.00010777
0.864	0.000107287
0.865	0.000106806
0.866	0.000106327
0.867	0.000105851
0.868	0.000105378
0.869	0.000104906
0.87	0.000104437
0.871	0.000103971
0.872	0.000103507
0.873	0.000103045
0.874	0.000102586
0.875	0.000102129
0.876	0.000101674
0.877	0.000101222
0.878	0.000100771
0.879	0.000100324
0.88	9.99E-05
0.881	9.94E-05
0.882	9.90E-05
0.883	9.86E-05
0.884	9.81E-05
0.885	9.77E-05
0.886	9.73E-05
0.887	9.68E-05
0.888	9.64E-05
0.889	9.60E-05
0.89	9.55E-05
0.891	9.51E-05
0.892	9.47E-05
0.893	9.43E-05
0.894	9.39E-05
0.895	9.35E-05
0.896	9.30E-05
0.897	9.26E-05
0.898	9.22E-05
0.899	9.18E-05
0.9	9.14E-05
0.901	9.10E-05
0.902	9.06E-05
0.903	9.02E-05
0.904	8.98E-05
0.905	8.94E-05
0.906	8.90E-05
0.907	8.87E-05
0.908	8.83E-05
0.909	8.79E-05
0.91	8.75E-05
0.911	8.71E-05
0.912	8.67E-05
0.913	8.64E-05
0.914	8.60E-05
0.915	8.56E-05
0.916	8.52E-05
0.917	8.49E-05
0.918	8.45E-05
0.919	8.41E-05
0.92	8.38E-05
0.921	8.34E-05
0.922	8.30E-05
0.923	8.27E-05
0.924	8.23E-05
0.925	8.20E-05
0.926	8.16E-05
0.927	8.13E-05
0.928	8.09E-05
0.929	8.06E-05
0.93	8.02E-05
0.931	7.99E-05
0.932	7.95E-05
0.933	7.92E-05
0.934	7.88E-05
0.935	7.85E-05
0.936	7.82E-05
0.937	7.78E-05
0.938	7.75E-05
0.939	7.72E-05
0.94	7.68E-05
0.941	7.65E-05
0.942	7.62E-05
0.943	7.59E-05
0.944	7.55E-05
0.945	7.52E-05
0.946	7.49E-05
0.947	7.46E-05
0.948	7.42E-05
0.949	7.39E-05
0.95	7.36E-05
0.951	7.33E-05
0.952	7.30E-05
0.953	7.27E-05
0.954	7.24E-05
0.955	7.21E-05
0.956	7.18E-05
0.957	7.15E-05
0.958	7.11E-05
0.959	7.08E-05
0.96	7.05E-05
0.961	7.02E-05
0.962	7.00E-05
0.963	6.97E-05
0.964	6.94E-05
0.965	6.91E-05
0.966	6.88E-05
0.967	6.85E-05
0.968	6.82E-05
0.969	6.79E-05
0.97	6.76E-05
0.971	6.73E-05
0.972	6.71E-05
0.973	6.68E-05
0.974	6.65E-05
0.975	6.62E-05
0.976	6.59E-05
0.977	6.57E-05
0.978	6.54E-05
0.979	6.51E-05
0.98	6.48E-05
0.981	6.46E-05
0.982	6.43E-05
0.983	6.40E-05
0.984	6.38E-05
0.985	6.35E-05
0.986	6.32E-05
0.987	6.30E-05
0.988	6.27E-05
0.989	6.24E-05
0.99	6.22E-05
0.991	6.19E-05
0.992	6.17E-05
0.993	6.14E-05
0.994	6.11E-05
0.995	6.09E-05
0.996	6.06E-05
0.997	6.04E-05
0.998	6.01E-05
0.999	5.99E-05
1	5.96E-05
1.001	5.94E-05
1.002	5.91E-05
1.003	5.89E-05
1.004	5.87E-05
1.005	5.84E-05
1.006	5.82E-05
1.007	5.79E-05
1.008	5.77E-05
1.009	5.75E-05
1.01	5.72E-05
1.011	5.70E-05
1.012	5.68E-05
1.013	5.65E-05
1.014	5.63E-05
1.015	5.61E-05
1.016	5.58E-05
1.017	5.56E-05
1.018	5.54E-05
1.019	5.51E-05
1.02	5.49E-05
1.021	5.47E-05
1.022	5.45E-05
1.023	5.42E-05
1.024	5.40E-05
1.025	5.38E-05
1.026	5.36E-05
1.027	5.34E-05
1.028	5.31E-05
1.029	5.29E-05
1.03	5.27E-05
1.031	5.25E-05
1.032	5.23E-05
1.033	5.21E-05
1.034	5.19E-05
1.035	5.16E-05
1.036	5.14E-05
1.037	5.12E-05
1.038	5.10E-05
1.039	5.08E-05
1.04	5.06E-05
1.041	5.04E-05
1.042	5.02E-05
1.043	5.00E-05
1.044	4.98E-05
1.045	4.96E-05
1.046	4.94E-05
1.047	4.92E-05
1.048	4.90E-05
1.049	4.88E-05
1.05	4.86E-05
1.051	4.84E-05
1.052	4.82E-05
1.053	4.80E-05
1.054	4.78E-05
1.055	4.76E-05
1.056	4.74E-05
1.057	4.72E-05
1.058	4.70E-05
1.059	4.69E-05
1.06	4.67E-05
1.061	4.65E-05
1.062	4.63E-05
1.063	4.61E-05
1.064	4.59E-05
1.065	4.57E-05
1.066	4.56E-05
1.067	4.54E-05
1.068	4.52E-05
1.069	4.50E-05
1.07	4.48E-05
1.071	4.47E-05
1.072	4.45E-05
1.073	4.43E-05
1.074	4.41E-05
1.075	4.39E-05
1.076	4.38E-05
1.077	4.36E-05
1.078	4.34E-05
1.079	4.33E-05
1.08	4.31E-05
1.081	4.29E-05
1.082	4.27E-05
1.083	4.26E-05
1.084	4.24E-05
1.085	4.22E-05
1.086	4.21E-05
1.087	4.19E-05
1.088	4.17E-05
1.089	4.16E-05
1.09	4.14E-05
1.091	4.12E-05
1.092	4.11E-05
1.093	4.09E-05
1.094	4.08E-05
1.095	4.06E-05
1.096	4.04E-05
1.097	4.03E-05
1.098	4.01E-05
1.099	4.00E-05
1.1	3.98E-05
1.101	3.96E-05
1.102	3.95E-05
1.103	3.93E-05
1.104	3.92E-05
1.105	3.90E-05
1.106	3.89E-05
1.107	3.87E-05
1.108	3.86E-05
1.109	3.84E-05
1.11	3.83E-05
1.111	3.81E-05
1.112	3.80E-05
1.113	3.78E-05
1.114	3.77E-05
1.115	3.75E-05
1.116	3.74E-05
1.117	3.72E-05
1.118	3.71E-05
1.119	3.69E-05
1.12	3.68E-05
1.121	3.67E-05
1.122	3.65E-05
1.123	3.64E-05
1.124	3.62E-05
1.125	3.61E-05
1.126	3.59E-05
1.127	3.58E-05
1.128	3.57E-05
1.129	3.55E-05
1.13	3.54E-05
1.131	3.53E-05
1.132	3.51E-05
1.133	3.50E-05
1.134	3.48E-05
1.135	3.47E-05
1.136	3.46E-05
1.137	3.44E-05
1.138	3.43E-05
1.139	3.42E-05
1.14	3.40E-05
1.141	3.39E-05
1.142	3.38E-05
1.143	3.37E-05
1.144	3.35E-05
1.145	3.34E-05
1.146	3.33E-05
1.147	3.31E-05
1.148	3.30E-05
1.149	3.29E-05
1.15	3.28E-05
1.151	3.26E-05
1.152	3.25E-05
1.153	3.24E-05
1.154	3.23E-05
1.155	3.21E-05
1.156	3.20E-05
1.157	3.19E-05
1.158	3.18E-05
1.159	3.16E-05
1.16	3.15E-05
1.161	3.14E-05
1.162	3.13E-05
1.163	3.12E-05
1.164	3.10E-05
1.165	3.09E-05
1.166	3.08E-05
1.167	3.07E-05
1.168	3.06E-05
1.169	3.05E-05
1.17	3.03E-05
1.171	3.02E-05
1.172	3.01E-05
1.173	3.00E-05
1.174	2.99E-05
1.175	2.98E-05
1.176	2.97E-05
1.177	2.95E-05
1.178	2.94E-05
1.179	2.93E-05
1.18	2.92E-05
1.181	2.91E-05
1.182	2.90E-05
1.183	2.89E-05
1.184	2.88E-05
1.185	2.87E-05
1.186	2.86E-05
1.187	2.84E-05
1.188	2.83E-05
1.189	2.82E-05
1.19	2.81E-05
1.191	2.80E-05
1.192	2.79E-05
1.193	2.78E-05
1.194	2.77E-05
1.195	2.76E-05
1.196	2.75E-05
1.197	2.74E-05
1.198	2.73E-05
1.199	2.72E-05
1.2	2.71E-05
1.201	2.70E-05
1.202	2.69E-05
1.203	2.68E-05
1.204	2.67E-05
1.205	2.66E-05
1.206	2.65E-05
1.207	2.64E-05
1.208	2.63E-05
1.209	2.62E-05
1.21	2.61E-05
1.211	2.60E-05
1.212	2.59E-05
1.213	2.58E-05
1.214	2.57E-05
1.215	2.56E-05
1.216	2.55E-05
1.217	2.54E-05
1.218	2.53E-05
1.219	2.52E-05
1.22	2.51E-05
1.221	2.50E-05
1.222	2.49E-05
1.223	2.48E-05
1.224	2.48E-05
1.225	2.47E-05
1.226	2.46E-05
1.227	2.45E-05
1.228	2.44E-05
1.229	2.43E-05
1.23	2.42E-05
1.231	2.41E-05
1.232	2.40E-05
1.233	2.39E-05
1.234	2.39E-05
1.235	2.38E-05
1.236	2.37E-05
1.237	2.36E-05
1.238	2.35E-05
1.239	2.34E-05
1.24	2.33E-05
1.241	2.32E-05
1.242	2.32E-05
1.243	2.31E-05
1.244	2.30E-05
1.245	2.29E-05
1.246	2.28E-05
1.247	2.27E-05
1.248	2.27E-05
1.249	2.26E-05
1.25	2.25E-05
1.251	2.24E-05
1.252	2.23E-05
1.253	2.22E-05
1.254	2.22E-05
1.255	2.21E-05
1.256	2.20E-05
1.257	2.19E-05
1.258	2.18E-05
1.259	2.18E-05
1.26	2.17E-05
1.261	2.16E-05
1.262	2.15E-05
1.263	2.14E-05
1.264	2.14E-05
1.265	2.13E-05
1.266	2.12E-05
1.267	2.11E-05
1.268	2.11E-05
1.269	2.10E-05
1.27	2.09E-05
1.271	2.08E-05
1.272	2.07E-05
1.273	2.07E-05
1.274	2.06E-05
1.275	2.05E-05
1.276	2.04E-05
1.277	2.04E-05
1.278	2.03E-05
1.279	2.02E-05
1.28	2.02E-05
1.281	2.01E-05
1.282	2.00E-05
1.283	1.99E-05
1.284	1.99E-05
1.285	1.98E-05
1.286	1.97E-05
1.287	1.96E-05
1.288	1.96E-05
1.289	1.95E-05
1.29	1.94E-05
1.291	1.94E-05
1.292	1.93E-05
1.293	1.92E-05
1.294	1.92E-05
1.295	1.91E-05
1.296	1.90E-05
1.297	1.90E-05
1.298	1.89E-05
1.299	1.88E-05
1.3	1.87E-05
1.301	1.87E-05
1.302	1.86E-05
1.303	1.85E-05
1.304	1.85E-05
1.305	1.84E-05
1.306	1.83E-05
1.307	1.83E-05
1.308	1.82E-05
1.309	1.82E-05
1.31	1.81E-05
1.311	1.80E-05
1.312	1.80E-05
1.313	1.79E-05
1.314	1.78E-05
1.315	1.78E-05
1.316	1.77E-05
1.317	1.76E-05
1.318	1.76E-05
1.319	1.75E-05
1.32	1.75E-05
1.321	1.74E-05
1.322	1.73E-05
1.323	1.73E-05
1.324	1.72E-05
1.325	1.71E-05
1.326	1.71E-05
1.327	1.70E-05
1.328	1.70E-05
1.329	1.69E-05
1.33	1.68E-05
1.331	1.68E-05
1.332	1.67E-05
1.333	1.67E-05
1.334	1.66E-05
1.335	1.65E-05
1.336	1.65E-05
1.337	1.64E-05
1.338	1.64E-05
1.339	1.63E-05
1.34	1.63E-05
1.341	1.62E-05
1.342	1.61E-05
1.343	1.61E-05
1.344	1.60E-05
1.345	1.60E-05
1.346	1.59E-05
1.347	1.59E-05
1.348	1.58E-05
1.349	1.57E-05
1.35	1.57E-05
1.351	1.56E-05
1.352	1.56E-05
1.353	1.55E-05
1.354	1.55E-05
1.355	1.54E-05
1.356	1.54E-05
1.357	1.53E-05
1.358	1.53E-05
1.359	1.52E-05
1.36	1.51E-05
1.361	1.51E-05
1.362	1.50E-05
1.363	1.50E-05
1.364	1.49E-05
1.365	1.49E-05
1.366	1.48E-05
1.367	1.48E-05
1.368	1.47E-05
1.369	1.47E-05
1.37	1.46E-05
1.371	1.46E-05
1.372	1.45E-05
1.373	1.45E-05
1.374	1.44E-05
1.375	1.44E-05
1.376	1.43E-05
1.377	1.43E-05
1.378	1.42E-05
1.379	1.42E-05
1.38	1.41E-05
1.381	1.41E-05
1.382	1.40E-05
1.383	1.40E-05
1.384	1.39E-05
1.385	1.39E-05
1.386	1.38E-05
1.387	1.38E-05
1.388	1.37E-05
1.389	1.37E-05
1.39	1.36E-05
1.391	1.36E-05
1.392	1.35E-05
1.393	1.35E-05
1.394	1.35E-05
1.395	1.34E-05
1.396	1.34E-05
1.397	1.33E-05
1.398	1.33E-05
1.399	1.32E-05
1.4	1.32E-05
1.401	1.31E-05
1.402	1.31E-05
1.403	1.30E-05
1.404	1.30E-05
1.405	1.30E-05
1.406	1.29E-05
1.407	1.29E-05
1.408	1.28E-05
1.409	1.28E-05
1.41	1.27E-05
1.411	1.27E-05
1.412	1.26E-05
1.413	1.26E-05
1.414	1.26E-05
1.415	1.25E-05
1.416	1.25E-05
1.417	1.24E-05
1.418	1.24E-05
1.419	1.23E-05
1.42	1.23E-05
1.421	1.23E-05
1.422	1.22E-05
1.423	1.22E-05
1.424	1.21E-05
1.425	1.21E-05
1.426	1.21E-05
1.427	1.20E-05
1.428	1.20E-05
1.429	1.19E-05
1.43	1.19E-05
1.431	1.18E-05
1.432	1.18E-05
1.433	1.18E-05
1.434	1.17E-05
1.435	1.17E-05
1.436	1.16E-05
1.437	1.16E-05
1.438	1.16E-05
1.439	1.15E-05
1.44	1.15E-05
1.441	1.15E-05
1.442	1.14E-05
1.443	1.14E-05
1.444	1.13E-05
1.445	1.13E-05
1.446	1.13E-05
1.447	1.12E-05
1.448	1.12E-05
1.449	1.11E-05
1.45	1.11E-05
1.451	1.11E-05
1.452	1.10E-05
1.453	1.10E-05
1.454	1.10E-05
1.455	1.09E-05
1.456	1.09E-05
1.457	1.08E-05
1.458	1.08E-05
1.459	1.08E-05
1.46	1.07E-05
1.461	1.07E-05
1.462	1.07E-05
1.463	1.06E-05
1.464	1.06E-05
1.465	1.06E-05
1.466	1.05E-05
1.467	1.05E-05
1.468	1.05E-05
1.469	1.04E-05
1.47	1.04E-05
1.471	1.03E-05
1.472	1.03E-05
1.473	1.03E-05
1.474	1.02E-05
1.475	1.02E-05
1.476	1.02E-05
1.477	1.01E-05
1.478	1.01E-05
1.479	1.01E-05
1.48	1.00E-05
1.481	1.00E-05
1.482	9.97E-06
1.483	9.94E-06
1.484	9.90E-06
1.485	9.87E-06
1.486	9.84E-06
1.487	9.81E-06
1.488	9.77E-06
1.489	9.74E-06
1.49	9.71E-06
1.491	9.68E-06
1.492	9.64E-06
1.493	9.61E-06
1.494	9.58E-06
1.495	9.55E-06
1.496	9.52E-06
1.497	9.48E-06
1.498	9.45E-06
1.499	9.42E-06
1.5	9.39E-06
1.501	9.36E-06
1.502	9.33E-06
1.503	9.30E-06
1.504	9.27E-06
1.505	9.23E-06
1.506	9.20E-06
1.507	9.17E-06
1.508	9.14E-06
1.509	9.11E-06
1.51	9.08E-06
1.511	9.05E-06
1.512	9.02E-06
1.513	8.99E-06
1.514	8.96E-06
1.515	8.93E-06
1.516	8.90E-06
1.517	8.87E-06
1.518	8.85E-06
1.519	8.82E-06
1.52	8.79E-06
1.521	8.76E-06
1.522	8.73E-06
1.523	8.70E-06
1.524	8.67E-06
1.525	8.64E-06
1.526	8.62E-06
1.527	8.59E-06
1.528	8.56E-06
1.529	8.53E-06
1.53	8.50E-06
1.531	8.47E-06
1.532	8.45E-06
1.533	8.42E-06
1.534	8.39E-06
1.535	8.36E-06
1.536	8.34E-06
1.537	8.31E-06
1.538	8.28E-06
1.539	8.25E-06
1.54	8.23E-06
1.541	8.20E-06
1.542	8.17E-06
1.543	8.15E-06
1.544	8.12E-06
1.545	8.09E-06
1.546	8.07E-06
1.547	8.04E-06
1.548	8.02E-06
1.549	7.99E-06
1.55	7.96E-06
1.551	7.94E-06
1.552	7.91E-06
1.553	7.89E-06
1.554	7.86E-06
1.555	7.83E-06
1.556	7.81E-06
1.557	7.78E-06
1.558	7.76E-06
1.559	7.73E-06
1.56	7.71E-06
1.561	7.68E-06
1.562	7.66E-06
1.563	7.63E-06
1.564	7.61E-06
1.565	7.58E-06
1.566	7.56E-06
1.567	7.53E-06
1.568	7.51E-06
1.569	7.49E-06
1.57	7.46E-06
1.571	7.44E-06
1.572	7.41E-06
1.573	7.39E-06
1.574	7.37E-06
1.575	7.34E-06
1.576	7.32E-06
1.577	7.29E-06
1.578	7.27E-06
1.579	7.25E-06
1.58	7.22E-06
1.581	7.20E-06
1.582	7.18E-06
1.583	7.15E-06
1.584	7.13E-06
1.585	7.11E-06
1.586	7.09E-06
1.587	7.06E-06
1.588	7.04E-06
1.589	7.02E-06
1.59	6.99E-06
1.591	6.97E-06
1.592	6.95E-06
1.593	6.93E-06
1.594	6.90E-06
1.595	6.88E-06
1.596	6.86E-06
1.597	6.84E-06
1.598	6.82E-06
1.599	6.79E-06
1.6	6.77E-06
1.601	6.75E-06
1.602	6.73E-06
1.603	6.71E-06
1.604	6.69E-06
1.605	6.67E-06
1.606	6.64E-06
1.607	6.62E-06
1.608	6.60E-06
1.609	6.58E-06
1.61	6.56E-06
1.611	6.54E-06
1.612	6.52E-06
1.613	6.50E-06
1.614	6.48E-06
1.615	6.46E-06
1.616	6.43E-06
1.617	6.41E-06
1.618	6.39E-06
1.619	6.37E-06
1.62	6.35E-06
1.621	6.33E-06
1.622	6.31E-06
1.623	6.29E-06
1.624	6.27E-06
1.625	6.25E-06
1.626	6.23E-06
1.627	6.21E-06
1.628	6.19E-06
1.629	6.17E-06
1.63	6.15E-06
1.631	6.13E-06
1.632	6.12E-06
1.633	6.10E-06
1.634	6.08E-06
1.635	6.06E-06
1.636	6.04E-06
1.637	6.02E-06
1.638	6.00E-06
1.639	5.98E-06
1.64	5.96E-06
1.641	5.94E-06
1.642	5.92E-06
1.643	5.91E-06
1.644	5.89E-06
1.645	5.87E-06
1.646	5.85E-06
1.647	5.83E-06
1.648	5.81E-06
1.649	5.80E-06
1.65	5.78E-06
1.651	5.76E-06
1.652	5.74E-06
1.653	5.72E-06
1.654	5.70E-06
1.655	5.69E-06
1.656	5.67E-06
1.657	5.65E-06
1.658	5.63E-06
1.659	5.62E-06
1.66	5.60E-06
1.661	5.58E-06
1.662	5.56E-06
1.663	5.55E-06
1.664	5.53E-06
1.665	5.51E-06
1.666	5.49E-06
1.667	5.48E-06
1.668	5.46E-06
1.669	5.44E-06
1.67	5.42E-06
1.671	5.41E-06
1.672	5.39E-06
1.673	5.37E-06
1.674	5.36E-06
1.675	5.34E-06
1.676	5.32E-06
1.677	5.31E-06
1.678	5.29E-06
1.679	5.27E-06
1.68	5.26E-06
1.681	5.24E-06
1.682	5.23E-06
1.683	5.21E-06
1.684	5.19E-06
1.685	5.18E-06
1.686	5.16E-06
1.687	5.14E-06
1.688	5.13E-06
1.689	5.11E-06
1.69	5.10E-06
1.691	5.08E-06
1.692	5.06E-06
1.693	5.05E-06
1.694	5.03E-06
1.695	5.02E-06
1.696	5.00E-06
1.697	4.99E-06
1.698	4.97E-06
1.699	4.96E-06
1.7	4.94E-06
1.701	4.93E-06
1.702	4.91E-06
1.703	4.89E-06
1.704	4.88E-06
1.705	4.86E-06
1.706	4.85E-06
1.707	4.83E-06
1.708	4.82E-06
1.709	4.80E-06
1.71	4.79E-06
1.711	4.77E-06
1.712	4.76E-06
1.713	4.75E-06
1.714	4.73E-06
1.715	4.72E-06
1.716	4.70E-06
1.717	4.69E-06
1.718	4.67E-06
1.719	4.66E-06
1.72	4.64E-06
1.721	4.63E-06
1.722	4.62E-06
1.723	4.60E-06
1.724	4.59E-06
1.725	4.57E-06
1.726	4.56E-06
1.727	4.55E-06
1.728	4.53E-06
1.729	4.52E-06
1.73	4.50E-06
1.731	4.49E-06
1.732	4.48E-06
1.733	4.46E-06
1.734	4.45E-06
1.735	4.43E-06
1.736	4.42E-06
1.737	4.41E-06
1.738	4.39E-06
1.739	4.38E-06
1.74	4.37E-06
1.741	4.35E-06
1.742	4.34E-06
1.743	4.33E-06
1.744	4.31E-06
1.745	4.30E-06
1.746	4.29E-06
1.747	4.27E-06
1.748	4.26E-06
1.749	4.25E-06
1.75	4.24E-06
1.751	4.22E-06
1.752	4.21E-06
1.753	4.20E-06
1.754	4.18E-06
1.755	4.17E-06
1.756	4.16E-06
1.757	4.15E-06
1.758	4.13E-06
1.759	4.12E-06
1.76	4.11E-06
1.761	4.10E-06
1.762	4.08E-06
1.763	4.07E-06
1.764	4.06E-06
1.765	4.05E-06
1.766	4.03E-06
1.767	4.02E-06
1.768	4.01E-06
1.769	4.00E-06
1.77	3.99E-06
1.771	3.97E-06
1.772	3.96E-06
1.773	3.95E-06
1.774	3.94E-06
1.775	3.93E-06
1.776	3.91E-06
1.777	3.90E-06
1.778	3.89E-06
1.779	3.88E-06
1.78	3.87E-06
1.781	3.86E-06
1.782	3.84E-06
1.783	3.83E-06
1.784	3.82E-06
1.785	3.81E-06
1.786	3.80E-06
1.787	3.79E-06
1.788	3.77E-06
1.789	3.76E-06
1.79	3.75E-06
1.791	3.74E-06
1.792	3.73E-06
1.793	3.72E-06
1.794	3.71E-06
1.795	3.70E-06
1.796	3.68E-06
1.797	3.67E-06
1.798	3.66E-06
1.799	3.65E-06
1.8	3.64E-06
1.801	3.63E-06
1.802	3.62E-06
1.803	3.61E-06
1.804	3.60E-06
1.805	3.59E-06
1.806	3.58E-06
1.807	3.56E-06
1.808	3.55E-06
1.809	3.54E-06
1.81	3.53E-06
1.811	3.52E-06
1.812	3.51E-06
1.813	3.50E-06
1.814	3.49E-06
1.815	3.48E-06
1.816	3.47E-06
1.817	3.46E-06
1.818	3.45E-06
1.819	3.44E-06
1.82	3.43E-06
1.821	3.42E-06
1.822	3.41E-06
1.823	3.40E-06
1.824	3.39E-06
1.825	3.38E-06
1.826	3.37E-06
1.827	3.36E-06
1.828	3.35E-06
1.829	3.34E-06
1.83	3.33E-06
1.831	3.32E-06
1.832	3.31E-06
1.833	3.30E-06
1.834	3.29E-06
1.835	3.28E-06
1.836	3.27E-06
1.837	3.26E-06
1.838	3.25E-06
1.839	3.24E-06
1.84	3.23E-06
1.841	3.22E-06
1.842	3.21E-06
1.843	3.20E-06
1.844	3.19E-06
1.845	3.18E-06
1.846	3.17E-06
1.847	3.16E-06
1.848	3.15E-06
1.849	3.15E-06
1.85	3.14E-06
1.851	3.13E-06
1.852	3.12E-06
1.853	3.11E-06
1.854	3.10E-06
1.855	3.09E-06
1.856	3.08E-06
1.857	3.07E-06
1.858	3.06E-06
1.859	3.05E-06
1.86	3.04E-06
1.861	3.04E-06
1.862	3.03E-06
1.863	3.02E-06
1.864	3.01E-06
1.865	3.00E-06
1.866	2.99E-06
1.867	2.98E-06
1.868	2.97E-06
1.869	2.97E-06
1.87	2.96E-06
1.871	2.95E-06
1.872	2.94E-06
1.873	2.93E-06
1.874	2.92E-06
1.875	2.91E-06
1.876	2.90E-06
1.877	2.90E-06
1.878	2.89E-06
1.879	2.88E-06
1.88	2.87E-06
1.881	2.86E-06
1.882	2.85E-06
1.883	2.85E-06
1.884	2.84E-06
1.885	2.83E-06
1.886	2.82E-06
1.887	2.81E-06
1.888	2.80E-06
1.889	2.80E-06
1.89	2.79E-06
1.891	2.78E-06
1.892	2.77E-06
1.893	2.76E-06
1.894	2.76E-06
1.895	2.75E-06
1.896	2.74E-06
1.897	2.73E-06
1.898	2.72E-06
1.899	2.72E-06
1.9	2.71E-06
1.901	2.70E-06
1.902	2.69E-06
1.903	2.68E-06
1.904	2.68E-06
1.905	2.67E-06
1.906	2.66E-06
1.907	2.65E-06
1.908	2.65E-06
1.909	2.64E-06
1.91	2.63E-06
1.911	2.62E-06
1.912	2.61E-06
1.913	2.61E-06
1.914	2.60E-06
1.915	2.59E-06
1.916	2.58E-06
1.917	2.58E-06
1.918	2.57E-06
1.919	2.56E-06
1.92	2.55E-06
1.921	2.55E-06
1.922	2.54E-06
1.923	2.53E-06
1.924	2.53E-06
1.925	2.52E-06
1.926	2.51E-06
1.927	2.50E-06
1.928	2.50E-06
1.929	2.49E-06
1.93	2.48E-06
1.931	2.47E-06
1.932	2.47E-06
1.933	2.46E-06
1.934	2.45E-06
1.935	2.45E-06
1.936	2.44E-06
1.937	2.43E-06
1.938	2.43E-06
1.939	2.42E-06
1.94	2.41E-06
1.941	2.40E-06
1.942	2.40E-06
1.943	2.39E-06
1.944	2.38E-06
1.945	2.38E-06
1.946	2.37E-06
1.947	2.36E-06
1.948	2.36E-06
1.949	2.35E-06
1.95	2.34E-06
1.951	2.34E-06
1.952	2.33E-06
1.953	2.32E-06
1.954	2.32E-06
1.955	2.31E-06
1.956	2.30E-06
1.957	2.30E-06
1.958	2.29E-06
1.959	2.28E-06
1.96	2.28E-06
1.961	2.27E-06
1.962	2.26E-06
1.963	2.26E-06
1.964	2.25E-06
1.965	2.24E-06
1.966	2.24E-06
1.967	2.23E-06
1.968	2.23E-06
1.969	2.22E-06
1.97	2.21E-06
1.971	2.21E-06
1.972	2.20E-06
1.973	2.19E-06
1.974	2.19E-06
1.975	2.18E-06
1.976	2.17E-06
1.977	2.17E-06
1.978	2.16E-06
1.979	2.16E-06
1.98	2.15E-06
1.981	2.14E-06
1.982	2.14E-06
1.983	2.13E-06
1.984	2.13E-06
1.985	2.12E-06
1.986	2.11E-06
1.987	2.11E-06
1.988	2.10E-06
1.989	2.10E-06
1.99	2.09E-06
1.991	2.08E-06
1.992	2.08E-06
1.993	2.07E-06
1.994	2.07E-06
1.995	2.06E-06
1.996	2.05E-06
1.997	2.05E-06
1.998	2.04E-06
1.999	2.04E-06
2	2.03E-06
2.001	2.03E-06
2.002	2.02E-06
2.003	2.01E-06
2.004	2.01E-06
2.005	2.00E-06
2.006	2.00E-06
2.007	1.99E-06
2.008	1.99E-06
2.009	1.98E-06
2.01	1.97E-06
2.011	1.97E-06
2.012	1.96E-06
2.013	1.96E-06
2.014	1.95E-06
2.015	1.95E-06
2.016	1.94E-06
2.017	1.94E-06
2.018	1.93E-06
2.019	1.93E-06
2.02	1.92E-06
2.021	1.91E-06
2.022	1.91E-06
2.023	1.90E-06
2.024	1.90E-06
2.025	1.89E-06
2.026	1.89E-06
2.027	1.88E-06
2.028	1.88E-06
2.029	1.87E-06
2.03	1.87E-06
2.031	1.86E-06
2.032	1.86E-06
2.033	1.85E-06
2.034	1.85E-06
2.035	1.84E-06
2.036	1.84E-06
2.037	1.83E-06
2.038	1.83E-06
2.039	1.82E-06
2.04	1.82E-06
2.041	1.81E-06
2.042	1.80E-06
2.043	1.80E-06
2.044	1.79E-06
2.045	1.79E-06
2.046	1.78E-06
2.047	1.78E-06
2.048	1.77E-06
2.049	1.77E-06
2.05	1.76E-06
2.051	1.76E-06
2.052	1.76E-06
2.053	1.75E-06
2.054	1.75E-06
2.055	1.74E-06
2.056	1.74E-06
2.057	1.73E-06
2.058	1.73E-06
2.059	1.72E-06
2.06	1.72E-06
2.061	1.71E-06
2.062	1.71E-06
2.063	1.70E-06
2.064	1.70E-06
2.065	1.69E-06
2.066	1.69E-06
2.067	1.68E-06
2.068	1.68E-06
2.069	1.67E-06
2.07	1.67E-06
2.071	1.66E-06
2.072	1.66E-06
2.073	1.66E-06
2.074	1.65E-06
2.075	1.65E-06
2.076	1.64E-06
2.077	1.64E-06
2.078	1.63E-06
2.079	1.63E-06
2.08	1.62E-06
2.081	1.62E-06
2.082	1.61E-06
2.083	1.61E-06
2.084	1.61E-06
2.085	1.60E-06
2.086	1.60E-06
2.087	1.59E-06
2.088	1.59E-06
2.089	1.58E-06
2.09	1.58E-06
2.091	1.57E-06
2.092	1.57E-06
2.093	1.57E-06
2.094	1.56E-06
2.095	1.56E-06
2.096	1.55E-06
2.097	1.55E-06
2.098	1.54E-06
2.099	1.54E-06
2.1	1.54E-06
2.101	1.53E-06
2.102	1.53E-06
2.103	1.52E-06
2.104	1.52E-06
2.105	1.52E-06
2.106	1.51E-06
2.107	1.51E-06
2.108	1.50E-06
2.109	1.50E-06
2.11	1.49E-06
2.111	1.49E-06
2.112	1.49E-06
2.113	1.48E-06
2.114	1.48E-06
2.115	1.47E-06
2.116	1.47E-06
2.117	1.47E-06
2.118	1.46E-06
2.119	1.46E-06
2.12	1.45E-06
2.121	1.45E-06
2.122	1.45E-06
2.123	1.44E-06
2.124	1.44E-06
2.125	1.43E-06
2.126	1.43E-06
2.127	1.43E-06
2.128	1.42E-06
2.129	1.42E-06
2.13	1.41E-06
2.131	1.41E-06
2.132	1.41E-06
2.133	1.40E-06
2.134	1.40E-06
2.135	1.40E-06
2.136	1.39E-06
2.137	1.39E-06
2.138	1.38E-06
2.139	1.38E-06
2.14	1.38E-06
2.141	1.37E-06
2.142	1.37E-06
2.143	1.37E-06
2.144	1.36E-06
2.145	1.36E-06
2.146	1.35E-06
2.147	1.35E-06
2.148	1.35E-06
2.149	1.34E-06
2.15	1.34E-06
2.151	1.34E-06
2.152	1.33E-06
2.153	1.33E-06
2.154	1.33E-06
2.155	1.32E-06
2.156	1.32E-06
2.157	1.31E-06
2.158	1.31E-06
2.159	1.31E-06
2.16	1.30E-06
2.161	1.30E-06
2.162	1.30E-06
2.163	1.29E-06
2.164	1.29E-06
2.165	1.29E-06
2.166	1.28E-06
2.167	1.28E-06
2.168	1.28E-06
2.169	1.27E-06
2.17	1.27E-06
2.171	1.27E-06
2.172	1.26E-06
2.173	1.26E-06
2.174	1.26E-06
2.175	1.25E-06
2.176	1.25E-06
2.177	1.25E-06
2.178	1.24E-06
2.179	1.24E-06
2.18	1.24E-06
2.181	1.23E-06
2.182	1.23E-06
2.183	1.23E-06
2.184	1.22E-06
2.185	1.22E-06
2.186	1.22E-06
2.187	1.21E-06
2.188	1.21E-06
2.189	1.21E-06
2.19	1.20E-06
2.191	1.20E-06
2.192	1.20E-06
2.193	1.19E-06
2.194	1.19E-06
2.195	1.19E-06
2.196	1.18E-06
2.197	1.18E-06
2.198	1.18E-06
2.199	1.17E-06
2.2	1.17E-06
2.201	1.17E-06
2.202	1.16E-06
2.203	1.16E-06
2.204	1.16E-06
2.205	1.15E-06
2.206	1.15E-06
2.207	1.15E-06
2.208	1.15E-06
2.209	1.14E-06
2.21	1.14E-06
2.211	1.14E-06
2.212	1.13E-06
2.213	1.13E-06
2.214	1.13E-06
2.215	1.12E-06
2.216	1.12E-06
2.217	1.12E-06
2.218	1.12E-06
2.219	1.11E-06
2.22	1.11E-06
2.221	1.11E-06
2.222	1.10E-06
2.223	1.10E-06
2.224	1.10E-06
2.225	1.09E-06
2.226	1.09E-06
2.227	1.09E-06
2.228	1.09E-06
2.229	1.08E-06
2.23	1.08E-06
2.231	1.08E-06
2.232	1.07E-06
2.233	1.07E-06
2.234	1.07E-06
2.235	1.07E-06
2.236	1.06E-06
2.237	1.06E-06
2.238	1.06E-06
2.239	1.05E-06
2.24	1.05E-06
2.241	1.05E-06
2.242	1.05E-06
2.243	1.04E-06
2.244	1.04E-06
2.245	1.04E-06
2.246	1.04E-06
2.247	1.03E-06
2.248	1.03E-06
2.249	1.03E-06
2.25	1.02E-06
2.251	1.02E-06
2.252	1.02E-06
2.253	1.02E-06
2.254	1.01E-06
2.255	1.01E-06
2.256	1.01E-06
2.257	1.01E-06
2.258	1.00E-06
2.259	1.00E-06
2.26	9.98E-07
2.261	9.95E-07
2.262	9.92E-07
2.263	9.90E-07
2.264	9.87E-07
2.265	9.84E-07
2.266	9.82E-07
2.267	9.79E-07
2.268	9.77E-07
2.269	9.74E-07
2.27	9.72E-07
2.271	9.69E-07
2.272	9.66E-07
2.273	9.64E-07
2.274	9.61E-07
2.275	9.59E-07
2.276	9.56E-07
2.277	9.54E-07
2.278	9.51E-07
2.279	9.49E-07
2.28	9.46E-07
2.281	9.44E-07
2.282	9.41E-07
2.283	9.39E-07
2.284	9.36E-07
2.285	9.34E-07
2.286	9.31E-07
2.287	9.29E-07
2.288	9.27E-07
2.289	9.24E-07
2.29	9.22E-07
2.291	9.19E-07
2.292	9.17E-07
2.293	9.15E-07
2.294	9.12E-07
2.295	9.10E-07
2.296	9.07E-07
2.297	9.05E-07
2.298	9.03E-07
2.299	9.00E-07
2.3	8.98E-07
2.301	8.96E-07
2.302	8.93E-07
2.303	8.91E-07
2.304	8.89E-07
2.305	8.86E-07
2.306	8.84E-07
2.307	8.82E-07
2.308	8.79E-07
2.309	8.77E-07
2.31	8.75E-07
2.311	8.72E-07
2.312	8.70E-07
2.313	8.68E-07
2.314	8.66E-07
2.315	8.63E-07
2.316	8.61E-07
2.317	8.59E-07
2.318	8.57E-07
2.319	8.54E-07
2.32	8.52E-07
2.321	8.50E-07
2.322	8.48E-07
2.323	8.46E-07
2.324	8.43E-07
2.325	8.41E-07
2.326	8.39E-07
2.327	8.37E-07
2.328	8.35E-07
2.329	8.32E-07
2.33	8.30E-07
2.331	8.28E-07
2.332	8.26E-07
2.333	8.24E-07
2.334	8.22E-07
2.335	8.20E-07
2.336	8.17E-07
2.337	8.15E-07
2.338	8.13E-07
2.339	8.11E-07
2.34	8.09E-07
2.341	8.07E-07
2.342	8.05E-07
2.343	8.03E-07
2.344	8.01E-07
2.345	7.99E-07
2.346	7.97E-07
2.347	7.94E-07
2.348	7.92E-07
2.349	7.90E-07
2.35	7.88E-07
2.351	7.86E-07
2.352	7.84E-07
2.353	7.82E-07
2.354	7.80E-07
2.355	7.78E-07
2.356	7.76E-07
2.357	7.74E-07
2.358	7.72E-07
2.359	7.70E-07
2.36	7.68E-07
2.361	7.66E-07
2.362	7.64E-07
2.363	7.62E-07
2.364	7.60E-07
2.365	7.58E-07
2.366	7.56E-07
2.367	7.55E-07
2.368	7.53E-07
2.369	7.51E-07
2.37	7.49E-07
2.371	7.47E-07
2.372	7.45E-07
2.373	7.43E-07
2.374	7.41E-07
2.375	7.39E-07
2.376	7.37E-07
2.377	7.35E-07
2.378	7.33E-07
2.379	7.32E-07
2.38	7.30E-07
2.381	7.28E-07
2.382	7.26E-07
2.383	7.24E-07
2.384	7.22E-07
2.385	7.20E-07
2.386	7.19E-07
2.387	7.17E-07
2.388	7.15E-07
2.389	7.13E-07
2.39	7.11E-07
2.391	7.09E-07
2.392	7.08E-07
2.393	7.06E-07
2.394	7.04E-07
2.395	7.02E-07
2.396	7.00E-07
2.397	6.99E-07
2.398	6.97E-07
2.399	6.95E-07
2.4	6.93E-07
2.401	6.91E-07
2.402	6.90E-07
2.403	6.88E-07
2.404	6.86E-07
2.405	6.84E-07
2.406	6.83E-07
2.407	6.81E-07
2.408	6.79E-07
2.409	6.78E-07
2.41	6.76E-07
2.411	6.74E-07
2.412	6.72E-07
2.413	6.71E-07
2.414	6.69E-07
2.415	6.67E-07
2.416	6.66E-07
2.417	6.64E-07
2.418	6.62E-07
2.419	6.60E-07
2.42	6.59E-07
2.421	6.57E-07
2.422	6.55E-07
2.423	6.54E-07
2.424	6.52E-07
2.425	6.50E-07
2.426	6.49E-07
2.427	6.47E-07
2.428	6.46E-07
2.429	6.44E-07
2.43	6.42E-07
2.431	6.41E-07
2.432	6.39E-07
2.433	6.37E-07
2.434	6.36E-07
2.435	6.34E-07
2.436	6.33E-07
2.437	6.31E-07
2.438	6.29E-07
2.439	6.28E-07
2.44	6.26E-07
2.441	6.25E-07
2.442	6.23E-07
2.443	6.21E-07
2.444	6.20E-07
2.445	6.18E-07
2.446	6.17E-07
2.447	6.15E-07
2.448	6.14E-07
2.449	6.12E-07
2.45	6.11E-07
2.451	6.09E-07
2.452	6.07E-07
2.453	6.06E-07
2.454	6.04E-07
2.455	6.03E-07
2.456	6.01E-07
2.457	6.00E-07
2.458	5.98E-07
2.459	5.97E-07
2.46	5.95E-07
2.461	5.94E-07
2.462	5.92E-07
2.463	5.91E-07
2.464	5.89E-07
2.465	5.88E-07
2.466	5.86E-07
2.467	5.85E-07
2.468	5.83E-07
2.469	5.82E-07
2.47	5.81E-07
2.471	5.79E-07
2.472	5.78E-07
2.473	5.76E-07
2.474	5.75E-07
2.475	5.73E-07
2.476	5.72E-07
2.477	5.70E-07
2.478	5.69E-07
2.479	5.68E-07
2.48	5.66E-07
2.481	5.65E-07
2.482	5.63E-07
2.483	5.62E-07
2.484	5.61E-07
2.485	5.59E-07
2.486	5.58E-07
2.487	5.56E-07
2.488	5.55E-07
2.489	5.54E-07
2.49	5.52E-07
2.491	5.51E-07
2.492	5.49E-07
2.493	5.48E-07
2.494	5.47E-07
2.495	5.45E-07
2.496	5.44E-07
2.497	5.43E-07
2.498	5.41E-07
2.499	5.40E-07
2.5	5.39E-07
2.501	5.37E-07
2.502	5.36E-07
2.503	5.35E-07
2.504	5.33E-07
2.505	5.32E-07
2.506	5.31E-07
2.507	5.29E-07
2.508	5.28E-07
2.509	5.27E-07
2.51	5.25E-07
2.511	5.24E-07
2.512	5.23E-07
2.513	5.21E-07
2.514	5.20E-07
2.515	5.19E-07
2.516	5.17E-07
2.517	5.16E-07
2.518	5.15E-07
2.519	5.14E-07
2.52	5.12E-07
2.521	5.11E-07
2.522	5.10E-07
2.523	5.09E-07
2.524	5.07E-07
2.525	5.06E-07
2.526	5.05E-07
2.527	5.04E-07
2.528	5.02E-07
2.529	5.01E-07
2.53	5.00E-07
2.531	4.99E-07
2.532	4.97E-07
2.533	4.96E-07
2.534	4.95E-07
2.535	4.94E-07
2.536	4.92E-07
2.537	4.91E-07
2.538	4.90E-07
2.539	4.89E-07
2.54	4.88E-07
2.541	4.86E-07
2.542	4.85E-07
2.543	4.84E-07
2.544	4.83E-07
2.545	4.82E-07
2.546	4.80E-07
2.547	4.79E-07
2.548	4.78E-07
2.549	4.77E-07
2.55	4.76E-07
2.551	4.74E-07
2.552	4.73E-07
2.553	4.72E-07
2.554	4.71E-07
2.555	4.70E-07
2.556	4.69E-07
2.557	4.68E-07
2.558	4.66E-07
2.559	4.65E-07
2.56	4.64E-07
2.561	4.63E-07
2.562	4.62E-07
2.563	4.61E-07
2.564	4.60E-07
2.565	4.58E-07
2.566	4.57E-07
2.567	4.56E-07
2.568	4.55E-07
2.569	4.54E-07
2.57	4.53E-07
2.571	4.52E-07
2.572	4.51E-07
2.573	4.49E-07
2.574	4.48E-07
2.575	4.47E-07
2.576	4.46E-07
2.577	4.45E-07
2.578	4.44E-07
2.579	4.43E-07
2.58	4.42E-07
2.581	4.41E-07
2.582	4.40E-07
2.583	4.39E-07
2.584	4.37E-07
2.585	4.36E-07
2.586	4.35E-07
2.587	4.34E-07
2.588	4.33E-07
2.589	4.32E-07
2.59	4.31E-07
2.591	4.30E-07
2.592	4.29E-07
2.593	4.28E-07
2.594	4.27E-07
2.595	4.26E-07
2.596	4.25E-07
2.597	4.24E-07
2.598	4.23E-07
2.599	4.22E-07
2.6	4.21E-07
2.601	4.20E-07
2.602	4.19E-07
2.603	4.18E-07
2.604	4.17E-07
2.605	4.16E-07
2.606	4.15E-07
2.607	4.14E-07
2.608	4.13E-07
2.609	4.12E-07
2.61	4.11E-07
2.611	4.10E-07
2.612	4.09E-07
2.613	4.08E-07
2.614	4.07E-07
2.615	4.06E-07
2.616	4.05E-07
2.617	4.04E-07
2.618	4.03E-07
2.619	4.02E-07
2.62	4.01E-07
2.621	4.00E-07
2.622	3.99E-07
2.623	3.98E-07
2.624	3.97E-07
2.625	3.96E-07
2.626	3.95E-07
2.627	3.94E-07
2.628	3.93E-07
2.629	3.92E-07
2.63	3.91E-07
2.631	3.90E-07
2.632	3.89E-07
2.633	3.88E-07
2.634	3.87E-07
2.635	3.86E-07
2.636	3.85E-07
2.637	3.85E-07
2.638	3.84E-07
2.639	3.83E-07
2.64	3.82E-07
2.641	3.81E-07
2.642	3.80E-07
2.643	3.79E-07
2.644	3.78E-07
2.645	3.77E-07
2.646	3.76E-07
2.647	3.75E-07
2.648	3.74E-07
2.649	3.74E-07
2.65	3.73E-07
2.651	3.72E-07
2.652	3.71E-07
2.653	3.70E-07
2.654	3.69E-07
2.655	3.68E-07
2.656	3.67E-07
2.657	3.66E-07
2.658	3.65E-07
2.659	3.65E-07
2.66	3.64E-07
2.661	3.63E-07
2.662	3.62E-07
2.663	3.61E-07
2.664	3.60E-07
2.665	3.59E-07
2.666	3.59E-07
2.667	3.58E-07
2.668	3.57E-07
2.669	3.56E-07
2.67	3.55E-07
2.671	3.54E-07
2.672	3.53E-07
2.673	3.53E-07
2.674	3.52E-07
2.675	3.51E-07
2.676	3.50E-07
2.677	3.49E-07
2.678	3.48E-07
2.679	3.47E-07
2.68	3.47E-07
2.681	3.46E-07
2.682	3.45E-07
2.683	3.44E-07
2.684	3.43E-07
2.685	3.43E-07
2.686	3.42E-07
2.687	3.41E-07
2.688	3.40E-07
2.689	3.39E-07
2.69	3.38E-07
2.691	3.38E-07
2.692	3.37E-07
2.693	3.36E-07
2.694	3.35E-07
2.695	3.34E-07
2.696	3.34E-07
2.697	3.33E-07
2.698	3.32E-07
2.699	3.31E-07
2.7	3.30E-07
2.701	3.30E-07
2.702	3.29E-07
2.703	3.28E-07
2.704	3.27E-07
2.705	3.27E-07
2.706	3.26E-07
2.707	3.25E-07
2.708	3.24E-07
2.709	3.23E-07
2.71	3.23E-07
2.711	3.22E-07
2.712	3.21E-07
2.713	3.20E-07
2.714	3.20E-07
2.715	3.19E-07
2.716	3.18E-07
2.717	3.17E-07
2.718	3.17E-07
2.719	3.16E-07
2.72	3.15E-07
2.721	3.14E-07
2.722	3.14E-07
2.723	3.13E-07
2.724	3.12E-07
2.725	3.11E-07
2.726	3.11E-07
2.727	3.10E-07
2.728	3.09E-07
2.729	3.08E-07
2.73	3.08E-07
2.731	3.07E-07
2.732	3.06E-07
2.733	3.05E-07
2.734	3.05E-07
2.735	3.04E-07
2.736	3.03E-07
2.737	3.03E-07
2.738	3.02E-07
2.739	3.01E-07
2.74	3.00E-07
2.741	3.00E-07
2.742	2.99E-07
2.743	2.98E-07
2.744	2.98E-07
2.745	2.97E-07
2.746	2.96E-07
2.747	2.95E-07
2.748	2.95E-07
2.749	2.94E-07
2.75	2.93E-07
2.751	2.93E-07
2.752	2.92E-07
2.753	2.91E-07
2.754	2.91E-07
2.755	2.90E-07
2.756	2.89E-07
2.757	2.89E-07
2.758	2.88E-07
2.759	2.87E-07
2.76	2.87E-07
2.761	2.86E-07
2.762	2.85E-07
2.763	2.85E-07
2.764	2.84E-07
2.765	2.83E-07
2.766	2.83E-07
2.767	2.82E-07
2.768	2.81E-07
2.769	2.81E-07
2.77	2.80E-07
2.771	2.79E-07
2.772	2.79E-07
2.773	2.78E-07
2.774	2.77E-07
2.775	2.77E-07
2.776	2.76E-07
2.777	2.75E-07
2.778	2.75E-07
2.779	2.74E-07
2.78	2.73E-07
2.781	2.73E-07
2.782	2.72E-07
2.783	2.71E-07
2.784	2.71E-07
2.785	2.70E-07
2.786	2.70E-07
2.787	2.69E-07
2.788	2.68E-07
2.789	2.68E-07
2.79	2.67E-07
2.791	2.66E-07
2.792	2.66E-07
2.793	2.65E-07
2.794	2.65E-07
2.795	2.64E-07
2.796	2.63E-07
2.797	2.63E-07
2.798	2.62E-07
2.799	2.61E-07
2.8	2.61E-07
2.801	2.60E-07
2.802	2.60E-07
2.803	2.59E-07
2.804	2.58E-07
2.805	2.58E-07
2.806	2.57E-07
2.807	2.57E-07
2.808	2.56E-07
2.809	2.55E-07
2.81	2.55E-07
2.811	2.54E-07
2.812	2.54E-07
2.813	2.53E-07
2.814	2.52E-07
2.815	2.52E-07
2.816	2.51E-07
2.817	2.51E-07
2.818	2.50E-07
2.819	2.50E-07
2.82	2.49E-07
2.821	2.48E-07
2.822	2.48E-07
2.823	2.47E-07
2.824	2.47E-07
2.825	2.46E-07
2.826	2.45E-07
2.827	2.45E-07
2.828	2.44E-07
2.829	2.44E-07
2.83	2.43E-07
2.831	2.43E-07
2.832	2.42E-07
2.833	2.42E-07
2.834	2.41E-07
2.835	2.40E-07
2.836	2.40E-07
2.837	2.39E-07
2.838	2.39E-07
2.839	2.38E-07
2.84	2.38E-07
2.841	2.37E-07
2.842	2.37E-07
2.843	2.36E-07
2.844	2.35E-07
2.845	2.35E-07
2.846	2.34E-07
2.847	2.34E-07
2.848	2.33E-07
2.849	2.33E-07
2.85	2.32E-07
2.851	2.32E-07
2.852	2.31E-07
2.853	2.31E-07
2.854	2.30E-07
2.855	2.30E-07
2.856	2.29E-07
2.857	2.28E-07
2.858	2.28E-07
2.859	2.27E-07
2.86	2.27E-07
2.861	2.26E-07
2.862	2.26E-07
2.863	2.25E-07
2.864	2.25E-07
2.865	2.24E-07
2.866	2.24E-07
2.867	2.23E-07
2.868	2.23E-07
2.869	2.22E-07
2.87	2.22E-07
2.871	2.21E-07
2.872	2.21E-07
2.873	2.20E-07
2.874	2.20E-07
2.875	2.19E-07
2.876	2.19E-07
2.877	2.18E-07
2.878	2.18E-07
2.879	2.17E-07
2.88	2.17E-07
2.881	2.16E-07
2.882	2.16E-07
2.883	2.15E-07
2.884	2.15E-07
2.885	2.14E-07
2.886	2.14E-07
2.887	2.13E-07
2.888	2.13E-07
2.889	2.12E-07
2.89	2.12E-07
2.891	2.11E-07
2.892	2.11E-07
2.893	2.10E-07
2.894	2.10E-07
2.895	2.09E-07
2.896	2.09E-07
2.897	2.08E-07
2.898	2.08E-07
2.899	2.07E-07
2.9	2.07E-07
2.901	2.06E-07
2.902	2.06E-07
2.903	2.05E-07
2.904	2.05E-07
2.905	2.05E-07
2.906	2.04E-07
2.907	2.04E-07
2.908	2.03E-07
2.909	2.03E-07
2.91	2.02E-07
2.911	2.02E-07
2.912	2.01E-07
2.913	2.01E-07
2.914	2.00E-07
2.915	2.00E-07
2.916	1.99E-07
2.917	1.99E-07
2.918	1.99E-07
2.919	1.98E-07
2.92	1.98E-07
2.921	1.97E-07
2.922	1.97E-07
2.923	1.96E-07
2.924	1.96E-07
2.925	1.95E-07
2.926	1.95E-07
2.927	1.95E-07
2.928	1.94E-07
2.929	1.94E-07
2.93	1.93E-07
2.931	1.93E-07
2.932	1.92E-07
2.933	1.92E-07
2.934	1.91E-07
2.935	1.91E-07
2.936	1.91E-07
2.937	1.90E-07
2.938	1.90E-07
2.939	1.89E-07
2.94	1.89E-07
2.941	1.88E-07
2.942	1.88E-07
2.943	1.88E-07
2.944	1.87E-07
2.945	1.87E-07
2.946	1.86E-07
2.947	1.86E-07
2.948	1.85E-07
2.949	1.85E-07
2.95	1.85E-07
2.951	1.84E-07
2.952	1.84E-07
2.953	1.83E-07
2.954	1.83E-07
2.955	1.83E-07
2.956	1.82E-07
2.957	1.82E-07
2.958	1.81E-07
2.959	1.81E-07
2.96	1.80E-07
2.961	1.80E-07
2.962	1.80E-07
2.963	1.79E-07
2.964	1.79E-07
2.965	1.78E-07
2.966	1.78E-07
2.967	1.78E-07
2.968	1.77E-07
2.969	1.77E-07
2.97	1.76E-07
2.971	1.76E-07
2.972	1.76E-07
2.973	1.75E-07
2.974	1.75E-07
2.975	1.74E-07
2.976	1.74E-07
2.977	1.74E-07
2.978	1.73E-07
2.979	1.73E-07
2.98	1.72E-07
2.981	1.72E-07
2.982	1.72E-07
2.983	1.71E-07
2.984	1.71E-07
2.985	1.71E-07
2.986	1.70E-07
2.987	1.70E-07
2.988	1.69E-07
2.989	1.69E-07
2.99	1.69E-07
2.991	1.68E-07
2.992	1.68E-07
2.993	1.67E-07
2.994	1.67E-07
2.995	1.67E-07
2.996	1.66E-07
2.997	1.66E-07
2.998	1.66E-07
2.999	1.65E-07
3	1.65E-07
3.001	1.64E-07
3.002	1.64E-07
3.003	1.64E-07
3.004	1.63E-07
3.005	1.63E-07
3.006	1.63E-07
3.007	1.62E-07
3.008	1.62E-07
3.009	1.62E-07
3.01	1.61E-07
3.011	1.61E-07
3.012	1.60E-07
3.013	1.60E-07
3.014	1.60E-07
3.015	1.59E-07
3.016	1.59E-07
3.017	1.59E-07
3.018	1.58E-07
3.019	1.58E-07
3.02	1.58E-07
3.021	1.57E-07
3.022	1.57E-07
3.023	1.57E-07
3.024	1.56E-07
3.025	1.56E-07
3.026	1.56E-07
3.027	1.55E-07
3.028	1.55E-07
3.029	1.54E-07
3.03	1.54E-07
3.031	1.54E-07
3.032	1.53E-07
3.033	1.53E-07
3.034	1.53E-07
3.035	1.52E-07
3.036	1.52E-07
3.037	1.52E-07
3.038	1.51E-07
3.039	1.51E-07
3.04	1.51E-07
3.041	1.50E-07
3.042	1.50E-07
3.043	1.50E-07
3.044	1.49E-07
3.045	1.49E-07
3.046	1.49E-07
3.047	1.48E-07
3.048	1.48E-07
3.049	1.48E-07
3.05	1.47E-07
3.051	1.47E-07
3.052	1.47E-07
3.053	1.46E-07
3.054	1.46E-07
3.055	1.46E-07
3.056	1.45E-07
3.057	1.45E-07
3.058	1.45E-07
3.059	1.44E-07
3.06	1.44E-07
3.061	1.44E-07
3.062	1.44E-07
3.063	1.43E-07
3.064	1.43E-07
3.065	1.43E-07
3.066	1.42E-07
3.067	1.42E-07
3.068	1.42E-07
3.069	1.41E-07
3.07	1.41E-07
3.071	1.41E-07
3.072	1.40E-07
3.073	1.40E-07
3.074	1.40E-07
3.075	1.39E-07
3.076	1.39E-07
3.077	1.39E-07
3.078	1.39E-07
3.079	1.38E-07
3.08	1.38E-07
3.081	1.38E-07
3.082	1.37E-07
3.083	1.37E-07
3.084	1.37E-07
3.085	1.36E-07
3.086	1.36E-07
3.087	1.36E-07
3.088	1.35E-07
3.089	1.35E-07
3.09	1.35E-07
3.091	1.35E-07
3.092	1.34E-07
3.093	1.34E-07
3.094	1.34E-07
3.095	1.33E-07
3.096	1.33E-07
3.097	1.33E-07
3.098	1.33E-07
3.099	1.32E-07
3.1	1.32E-07
3.101	1.32E-07
3.102	1.31E-07
3.103	1.31E-07
3.104	1.31E-07
3.105	1.30E-07
3.106	1.30E-07
3.107	1.30E-07
3.108	1.30E-07
3.109	1.29E-07
3.11	1.29E-07
3.111	1.29E-07
3.112	1.28E-07
3.113	1.28E-07
3.114	1.28E-07
3.115	1.28E-07
3.116	1.27E-07
3.117	1.27E-07
3.118	1.27E-07
3.119	1.27E-07
3.12	1.26E-07
3.121	1.26E-07
3.122	1.26E-07
3.123	1.25E-07
3.124	1.25E-07
3.125	1.25E-07
3.126	1.25E-07
3.127	1.24E-07
3.128	1.24E-07
3.129	1.24E-07
3.13	1.24E-07
3.131	1.23E-07
3.132	1.23E-07
3.133	1.23E-07
3.134	1.22E-07
3.135	1.22E-07
3.136	1.22E-07
3.137	1.22E-07
3.138	1.21E-07
3.139	1.21E-07
3.14	1.21E-07
3.141	1.21E-07
3.142	1.20E-07
3.143	1.20E-07
3.144	1.20E-07
3.145	1.20E-07
3.146	1.19E-07
3.147	1.19E-07
3.148	1.19E-07
3.149	1.18E-07
3.15	1.18E-07
3.151	1.18E-07
3.152	1.18E-07
3.153	1.17E-07
3.154	1.17E-07
3.155	1.17E-07
3.156	1.17E-07
3.157	1.16E-07
3.158	1.16E-07
3.159	1.16E-07
3.16	1.16E-07
3.161	1.15E-07
3.162	1.15E-07
3.163	1.15E-07
3.164	1.15E-07
3.165	1.14E-07
3.166	1.14E-07
3.167	1.14E-07
3.168	1.14E-07
3.169	1.13E-07
3.17	1.13E-07
3.171	1.13E-07
3.172	1.13E-07
3.173	1.12E-07
3.174	1.12E-07
3.175	1.12E-07
3.176	1.12E-07
3.177	1.11E-07
3.178	1.11E-07
3.179	1.11E-07
3.18	1.11E-07
3.181	1.10E-07
3.182	1.10E-07
3.183	1.10E-07
3.184	1.10E-07
3.185	1.10E-07
3.186	1.09E-07
3.187	1.09E-07
3.188	1.09E-07
3.189	1.09E-07
3.19	1.08E-07
3.191	1.08E-07
3.192	1.08E-07
3.193	1.08E-07
3.194	1.07E-07
3.195	1.07E-07
3.196	1.07E-07
3.197	1.07E-07
3.198	1.06E-07
3.199	1.06E-07
3.2	1.06E-07
3.201	1.06E-07
3.202	1.06E-07
3.203	1.05E-07
3.204	1.05E-07
3.205	1.05E-07
3.206	1.05E-07
3.207	1.04E-07
3.208	1.04E-07
3.209	1.04E-07
3.21	1.04E-07
3.211	1.04E-07
3.212	1.03E-07
3.213	1.03E-07
3.214	1.03E-07
3.215	1.03E-07
3.216	1.02E-07
3.217	1.02E-07
3.218	1.02E-07
3.219	1.02E-07
3.22	1.02E-07
3.221	1.01E-07
3.222	1.01E-07
3.223	1.01E-07
3.224	1.01E-07
3.225	1.00E-07
3.226	1.00E-07
3.227	1.00E-07
3.228	9.98E-08
3.229	9.96E-08
3.23	9.94E-08
3.231	9.92E-08
3.232	9.89E-08
3.233	9.87E-08
3.234	9.85E-08
3.235	9.83E-08
3.236	9.81E-08
3.237	9.79E-08
3.238	9.77E-08
3.239	9.75E-08
3.24	9.73E-08
3.241	9.70E-08
3.242	9.68E-08
3.243	9.66E-08
3.244	9.64E-08
3.245	9.62E-08
3.246	9.60E-08
3.247	9.58E-08
3.248	9.56E-08
3.249	9.54E-08
3.25	9.52E-08
3.251	9.50E-08
3.252	9.48E-08
3.253	9.46E-08
3.254	9.44E-08
3.255	9.42E-08
3.256	9.40E-08
3.257	9.38E-08
3.258	9.36E-08
3.259	9.34E-08
3.26	9.32E-08
3.261	9.30E-08
3.262	9.28E-08
3.263	9.26E-08
3.264	9.24E-08
3.265	9.22E-08
3.266	9.20E-08
3.267	9.18E-08
3.268	9.16E-08
3.269	9.14E-08
3.27	9.12E-08
3.271	9.10E-08
3.272	9.08E-08
3.273	9.06E-08
3.274	9.04E-08
3.275	9.02E-08
3.276	9.00E-08
3.277	8.98E-08
3.278	8.96E-08
3.279	8.95E-08
3.28	8.93E-08
3.281	8.91E-08
3.282	8.89E-08
3.283	8.87E-08
3.284	8.85E-08
3.285	8.83E-08
3.286	8.81E-08
3.287	8.79E-08
3.288	8.77E-08
3.289	8.76E-08
3.29	8.74E-08
3.291	8.72E-08
3.292	8.70E-08
3.293	8.68E-08
3.294	8.66E-08
3.295	8.64E-08
3.296	8.63E-08
3.297	8.61E-08
3.298	8.59E-08
3.299	8.57E-08
3.3	8.55E-08
3.301	8.54E-08
3.302	8.52E-08
3.303	8.50E-08
3.304	8.48E-08
3.305	8.46E-08
3.306	8.44E-08
3.307	8.43E-08
3.308	8.41E-08
3.309	8.39E-08
3.31	8.37E-08
3.311	8.36E-08
3.312	8.34E-08
3.313	8.32E-08
3.314	8.30E-08
3.315	8.28E-08
3.316	8.27E-08
3.317	8.25E-08
3.318	8.23E-08
3.319	8.21E-08
3.32	8.20E-08
3.321	8.18E-08
3.322	8.16E-08
3.323	8.15E-08
3.324	8.13E-08
3.325	8.11E-08
3.326	8.09E-08
3.327	8.08E-08
3.328	8.06E-08
3.329	8.04E-08
3.33	8.03E-08
3.331	8.01E-08
3.332	7.99E-08
3.333	7.97E-08
3.334	7.96E-08
3.335	7.94E-08
3.336	7.92E-08
3.337	7.91E-08
3.338	7.89E-08
3.339	7.87E-08
3.34	7.86E-08
3.341	7.84E-08
3.342	7.82E-08
3.343	7.81E-08
3.344	7.79E-08
3.345	7.77E-08
3.346	7.76E-08
3.347	7.74E-08
3.348	7.73E-08
3.349	7.71E-08
3.35	7.69E-08
3.351	7.68E-08
3.352	7.66E-08
3.353	7.64E-08
3.354	7.63E-08
3.355	7.61E-08
3.356	7.60E-08
3.357	7.58E-08
3.358	7.56E-08
3.359	7.55E-08
3.36	7.53E-08
3.361	7.52E-08
3.362	7.50E-08
3.363	7.49E-08
3.364	7.47E-08
3.365	7.45E-08
3.366	7.44E-08
3.367	7.42E-08
3.368	7.41E-08
3.369	7.39E-08
3.37	7.38E-08
3.371	7.36E-08
3.372	7.34E-08
3.373	7.33E-08
3.374	7.31E-08
3.375	7.30E-08
3.376	7.28E-08
3.377	7.27E-08
3.378	7.25E-08
3.379	7.24E-08
3.38	7.22E-08
3.381	7.21E-08
3.382	7.19E-08
3.383	7.18E-08
3.384	7.16E-08
3.385	7.15E-08
3.386	7.13E-08
3.387	7.12E-08
3.388	7.10E-08
3.389	7.09E-08
3.39	7.07E-08
3.391	7.06E-08
3.392	7.04E-08
3.393	7.03E-08
3.394	7.01E-08
3.395	7.00E-08
3.396	6.98E-08
3.397	6.97E-08
3.398	6.96E-08
3.399	6.94E-08
3.4	6.93E-08
3.401	6.91E-08
3.402	6.90E-08
3.403	6.88E-08
3.404	6.87E-08
3.405	6.85E-08
3.406	6.84E-08
3.407	6.83E-08
3.408	6.81E-08
3.409	6.80E-08
3.41	6.78E-08
3.411	6.77E-08
3.412	6.75E-08
3.413	6.74E-08
3.414	6.73E-08
3.415	6.71E-08
3.416	6.70E-08
3.417	6.68E-08
3.418	6.67E-08
3.419	6.66E-08
3.42	6.64E-08
3.421	6.63E-08
3.422	6.62E-08
3.423	6.60E-08
3.424	6.59E-08
3.425	6.57E-08
3.426	6.56E-08
3.427	6.55E-08
3.428	6.53E-08
3.429	6.52E-08
3.43	6.51E-08
3.431	6.49E-08
3.432	6.48E-08
3.433	6.47E-08
3.434	6.45E-08
3.435	6.44E-08
3.436	6.43E-08
3.437	6.41E-08
3.438	6.40E-08
3.439	6.39E-08
3.44	6.37E-08
3.441	6.36E-08
3.442	6.35E-08
3.443	6.33E-08
3.444	6.32E-08
3.445	6.31E-08
3.446	6.29E-08
3.447	6.28E-08
3.448	6.27E-08
3.449	6.25E-08
3.45	6.24E-08
3.451	6.23E-08
3.452	6.22E-08
3.453	6.20E-08
3.454	6.19E-08
3.455	6.18E-08
3.456	6.16E-08
3.457	6.15E-08
3.458	6.14E-08
3.459	6.13E-08
3.46	6.11E-08
3.461	6.10E-08
3.462	6.09E-08
3.463	6.08E-08
3.464	6.06E-08
3.465	6.05E-08
3.466	6.04E-08
3.467	6.02E-08
3.468	6.01E-08
3.469	6.00E-08
3.47	5.99E-08
3.471	5.98E-08
3.472	5.96E-08
3.473	5.95E-08
3.474	5.94E-08
3.475	5.93E-08
3.476	5.91E-08
3.477	5.90E-08
3.478	5.89E-08
3.479	5.88E-08
3.48	5.87E-08
3.481	5.85E-08
3.482	5.84E-08
3.483	5.83E-08
3.484	5.82E-08
3.485	5.81E-08
3.486	5.79E-08
3.487	5.78E-08
3.488	5.77E-08
3.489	5.76E-08
3.49	5.75E-08
3.491	5.73E-08
3.492	5.72E-08
3.493	5.71E-08
3.494	5.70E-08
3.495	5.69E-08
3.496	5.67E-08
3.497	5.66E-08
3.498	5.65E-08
3.499	5.64E-08
3.5	5.63E-08
3.501	5.62E-08
3.502	5.61E-08
3.503	5.59E-08
3.504	5.58E-08
3.505	5.57E-08
3.506	5.56E-08
3.507	5.55E-08
3.508	5.54E-08
3.509	5.53E-08
3.51	5.51E-08
3.511	5.50E-08
3.512	5.49E-08
3.513	5.48E-08
3.514	5.47E-08
3.515	5.46E-08
3.516	5.45E-08
3.517	5.44E-08
3.518	5.42E-08
3.519	5.41E-08
3.52	5.40E-08
3.521	5.39E-08
3.522	5.38E-08
3.523	5.37E-08
3.524	5.36E-08
3.525	5.35E-08
3.526	5.34E-08
3.527	5.33E-08
3.528	5.31E-08
3.529	5.30E-08
3.53	5.29E-08
3.531	5.28E-08
3.532	5.27E-08
3.533	5.26E-08
3.534	5.25E-08
3.535	5.24E-08
3.536	5.23E-08
3.537	5.22E-08
3.538	5.21E-08
3.539	5.20E-08
3.54	5.19E-08
3.541	5.17E-08
3.542	5.16E-08
3.543	5.15E-08
3.544	5.14E-08
3.545	5.13E-08
3.546	5.12E-08
3.547	5.11E-08
3.548	5.10E-08
3.549	5.09E-08
3.55	5.08E-08
3.551	5.07E-08
3.552	5.06E-08
3.553	5.05E-08
3.554	5.04E-08
3.555	5.03E-08
3.556	5.02E-08
3.557	5.01E-08
3.558	5.00E-08
3.559	4.99E-08
3.56	4.98E-08
3.561	4.97E-08
3.562	4.96E-08
3.563	4.95E-08
3.564	4.94E-08
3.565	4.93E-08
3.566	4.92E-08
3.567	4.91E-08
3.568	4.90E-08
3.569	4.89E-08
3.57	4.88E-08
3.571	4.87E-08
3.572	4.86E-08
3.573	4.85E-08
3.574	4.84E-08
3.575	4.83E-08
3.576	4.82E-08
3.577	4.81E-08
3.578	4.80E-08
3.579	4.79E-08
3.58	4.78E-08
3.581	4.77E-08
3.582	4.76E-08
3.583	4.75E-08
3.584	4.74E-08
3.585	4.73E-08
3.586	4.72E-08
3.587	4.71E-08
3.588	4.70E-08
3.589	4.69E-08
3.59	4.68E-08
3.591	4.67E-08
3.592	4.66E-08
3.593	4.66E-08
3.594	4.65E-08
3.595	4.64E-08
3.596	4.63E-08
3.597	4.62E-08
3.598	4.61E-08
3.599	4.60E-08
3.6	4.59E-08
3.601	4.58E-08
3.602	4.57E-08
3.603	4.56E-08
3.604	4.55E-08
3.605	4.54E-08
3.606	4.53E-08
3.607	4.53E-08
3.608	4.52E-08
3.609	4.51E-08
3.61	4.50E-08
3.611	4.49E-08
3.612	4.48E-08
3.613	4.47E-08
3.614	4.46E-08
3.615	4.45E-08
3.616	4.44E-08
3.617	4.43E-08
3.618	4.43E-08
3.619	4.42E-08
3.62	4.41E-08
3.621	4.40E-08
3.622	4.39E-08
3.623	4.38E-08
3.624	4.37E-08
3.625	4.36E-08
3.626	4.35E-08
3.627	4.35E-08
3.628	4.34E-08
3.629	4.33E-08
3.63	4.32E-08
3.631	4.31E-08
3.632	4.30E-08
3.633	4.29E-08
3.634	4.29E-08
3.635	4.28E-08
3.636	4.27E-08
3.637	4.26E-08
3.638	4.25E-08
3.639	4.24E-08
3.64	4.23E-08
3.641	4.23E-08
3.642	4.22E-08
3.643	4.21E-08
3.644	4.20E-08
3.645	4.19E-08
3.646	4.18E-08
3.647	4.17E-08
3.648	4.17E-08
3.649	4.16E-08
3.65	4.15E-08
3.651	4.14E-08
3.652	4.13E-08
3.653	4.12E-08
3.654	4.12E-08
3.655	4.11E-08
3.656	4.10E-08
3.657	4.09E-08
3.658	4.08E-08
3.659	4.08E-08
3.66	4.07E-08
3.661	4.06E-08
3.662	4.05E-08
3.663	4.04E-08
3.664	4.03E-08
3.665	4.03E-08
3.666	4.02E-08
3.667	4.01E-08
3.668	4.00E-08
3.669	3.99E-08
3.67	3.99E-08
3.671	3.98E-08
3.672	3.97E-08
3.673	3.96E-08
3.674	3.95E-08
3.675	3.95E-08
3.676	3.94E-08
3.677	3.93E-08
3.678	3.92E-08
3.679	3.92E-08
3.68	3.91E-08
3.681	3.90E-08
3.682	3.89E-08
3.683	3.88E-08
3.684	3.88E-08
3.685	3.87E-08
3.686	3.86E-08
3.687	3.85E-08
3.688	3.85E-08
3.689	3.84E-08
3.69	3.83E-08
3.691	3.82E-08
3.692	3.82E-08
3.693	3.81E-08
3.694	3.80E-08
3.695	3.79E-08
3.696	3.78E-08
3.697	3.78E-08
3.698	3.77E-08
3.699	3.76E-08
3.7	3.75E-08
3.701	3.75E-08
3.702	3.74E-08
3.703	3.73E-08
3.704	3.73E-08
3.705	3.72E-08
3.706	3.71E-08
3.707	3.70E-08
3.708	3.70E-08
3.709	3.69E-08
3.71	3.68E-08
3.711	3.67E-08
3.712	3.67E-08
3.713	3.66E-08
3.714	3.65E-08
3.715	3.64E-08
3.716	3.64E-08
3.717	3.63E-08
3.718	3.62E-08
3.719	3.62E-08
3.72	3.61E-08
3.721	3.60E-08
3.722	3.59E-08
3.723	3.59E-08
3.724	3.58E-08
3.725	3.57E-08
3.726	3.57E-08
3.727	3.56E-08
3.728	3.55E-08
3.729	3.54E-08
3.73	3.54E-08
3.731	3.53E-08
3.732	3.52E-08
3.733	3.52E-08
3.734	3.51E-08
3.735	3.50E-08
3.736	3.50E-08
3.737	3.49E-08
3.738	3.48E-08
3.739	3.48E-08
3.74	3.47E-08
3.741	3.46E-08
3.742	3.45E-08
3.743	3.45E-08
3.744	3.44E-08
3.745	3.43E-08
3.746	3.43E-08
3.747	3.42E-08
3.748	3.41E-08
3.749	3.41E-08
3.75	3.40E-08
3.751	3.39E-08
3.752	3.39E-08
3.753	3.38E-08
3.754	3.37E-08
3.755	3.37E-08
3.756	3.36E-08
3.757	3.35E-08
3.758	3.35E-08
3.759	3.34E-08
3.76	3.33E-08
3.761	3.33E-08
3.762	3.32E-08
3.763	3.31E-08
3.764	3.31E-08
3.765	3.30E-08
3.766	3.29E-08
3.767	3.29E-08
3.768	3.28E-08
3.769	3.28E-08
3.77	3.27E-08
3.771	3.26E-08
3.772	3.26E-08
3.773	3.25E-08
3.774	3.24E-08
3.775	3.24E-08
3.776	3.23E-08
3.777	3.22E-08
3.778	3.22E-08
3.779	3.21E-08
3.78	3.20E-08
3.781	3.20E-08
3.782	3.19E-08
3.783	3.19E-08
3.784	3.18E-08
3.785	3.17E-08
3.786	3.17E-08
3.787	3.16E-08
3.788	3.15E-08
3.789	3.15E-08
3.79	3.14E-08
3.791	3.14E-08
3.792	3.13E-08
3.793	3.12E-08
3.794	3.12E-08
3.795	3.11E-08
3.796	3.11E-08
3.797	3.10E-08
3.798	3.09E-08
3.799	3.09E-08
3.8	3.08E-08
3.801	3.08E-08
3.802	3.07E-08
3.803	3.06E-08
3.804	3.06E-08
3.805	3.05E-08
3.806	3.05E-08
3.807	3.04E-08
3.808	3.03E-08
3.809	3.03E-08
3.81	3.02E-08
3.811	3.02E-08
3.812	3.01E-08
3.813	3.00E-08
3.814	3.00E-08
3.815	2.99E-08
3.816	2.99E-08
3.817	2.98E-08
3.818	2.97E-08
3.819	2.97E-08
3.82	2.96E-08
3.821	2.96E-08
3.822	2.95E-08
3.823	2.95E-08
3.824	2.94E-08
3.825	2.93E-08
3.826	2.93E-08
3.827	2.92E-08
3.828	2.92E-08
3.829	2.91E-08
3.83	2.91E-08
3.831	2.90E-08
3.832	2.89E-08
3.833	2.89E-08
3.834	2.88E-08
3.835	2.88E-08
3.836	2.87E-08
3.837	2.87E-08
3.838	2.86E-08
3.839	2.86E-08
3.84	2.85E-08
3.841	2.84E-08
3.842	2.84E-08
3.843	2.83E-08
3.844	2.83E-08
3.845	2.82E-08
3.846	2.82E-08
3.847	2.81E-08
3.848	2.81E-08
3.849	2.80E-08
3.85	2.79E-08
3.851	2.79E-08
3.852	2.78E-08
3.853	2.78E-08
3.854	2.77E-08
3.855	2.77E-08
3.856	2.76E-08
3.857	2.76E-08
3.858	2.75E-08
3.859	2.75E-08
3.86	2.74E-08
3.861	2.74E-08
3.862	2.73E-08
3.863	2.73E-08
3.864	2.72E-08
3.865	2.71E-08
3.866	2.71E-08
3.867	2.70E-08
3.868	2.70E-08
3.869	2.69E-08
3.87	2.69E-08
3.871	2.68E-08
3.872	2.68E-08
3.873	2.67E-08
3.874	2.67E-08
3.875	2.66E-08
3.876	2.66E-08
3.877	2.65E-08
3.878	2.65E-08
3.879	2.64E-08
3.88	2.64E-08
3.881	2.63E-08
3.882	2.63E-08
3.883	2.62E-08
3.884	2.62E-08
3.885	2.61E-08
3.886	2.61E-08
3.887	2.60E-08
3.888	2.60E-08
3.889	2.59E-08
3.89	2.59E-08
3.891	2.58E-08
3.892	2.58E-08
3.893	2.57E-08
3.894	2.57E-08
3.895	2.56E-08
3.896	2.56E-08
3.897	2.55E-08
3.898	2.55E-08
3.899	2.54E-08
3.9	2.54E-08
3.901	2.53E-08
3.902	2.53E-08
3.903	2.52E-08
3.904	2.52E-08
3.905	2.51E-08
3.906	2.51E-08
3.907	2.50E-08
3.908	2.50E-08
3.909	2.49E-08
3.91	2.49E-08
3.911	2.48E-08
3.912	2.48E-08
3.913	2.47E-08
3.914	2.47E-08
3.915	2.46E-08
3.916	2.46E-08
3.917	2.45E-08
3.918	2.45E-08
3.919	2.45E-08
3.92	2.44E-08
3.921	2.44E-08
3.922	2.43E-08
3.923	2.43E-08
3.924	2.42E-08
3.925	2.42E-08
3.926	2.41E-08
3.927	2.41E-08
3.928	2.40E-08
3.929	2.40E-08
3.93	2.39E-08
3.931	2.39E-08
3.932	2.38E-08
3.933	2.38E-08
3.934	2.38E-08
3.935	2.37E-08
3.936	2.37E-08
3.937	2.36E-08
3.938	2.36E-08
3.939	2.35E-08
3.94	2.35E-08
3.941	2.34E-08
3.942	2.34E-08
3.943	2.34E-08
3.944	2.33E-08
3.945	2.33E-08
3.946	2.32E-08
3.947	2.32E-08
3.948	2.31E-08
3.949	2.31E-08
3.95	2.30E-08
3.951	2.30E-08
3.952	2.30E-08
3.953	2.29E-08
3.954	2.29E-08
3.955	2.28E-08
3.956	2.28E-08
3.957	2.27E-08
3.958	2.27E-08
3.959	2.26E-08
3.96	2.26E-08
3.961	2.26E-08
3.962	2.25E-08
3.963	2.25E-08
3.964	2.24E-08
3.965	2.24E-08
3.966	2.23E-08
3.967	2.23E-08
3.968	2.23E-08
3.969	2.22E-08
3.97	2.22E-08
3.971	2.21E-08
3.972	2.21E-08
3.973	2.20E-08
3.974	2.20E-08
3.975	2.20E-08
3.976	2.19E-08
3.977	2.19E-08
3.978	2.18E-08
3.979	2.18E-08
3.98	2.18E-08
3.981	2.17E-08
3.982	2.17E-08
3.983	2.16E-08
3.984	2.16E-08
3.985	2.15E-08
3.986	2.15E-08
3.987	2.15E-08
3.988	2.14E-08
3.989	2.14E-08
3.99	2.13E-08
3.991	2.13E-08
3.992	2.13E-08
3.993	2.12E-08
3.994	2.12E-08
3.995	2.11E-08
3.996	2.11E-08
3.997	2.11E-08
3.998	2.10E-08
3.999	2.10E-08
4	2.09E-08
4.001	2.09E-08
4.002	2.09E-08
4.003	2.08E-08
4.004	2.08E-08
4.005	2.07E-08
4.006	2.07E-08
4.007	2.07E-08
4.008	2.06E-08
4.009	2.06E-08
4.01	2.05E-08
4.011	2.05E-08
4.012	2.05E-08
4.013	2.04E-08
4.014	2.04E-08
4.015	2.04E-08
4.016	2.03E-08
4.017	2.03E-08
4.018	2.02E-08
4.019	2.02E-08
4.02	2.02E-08
4.021	2.01E-08
4.022	2.01E-08
4.023	2.00E-08
4.024	2.00E-08
4.025	2.00E-08
4.026	1.99E-08
4.027	1.99E-08
4.028	1.99E-08
4.029	1.98E-08
4.03	1.98E-08
4.031	1.97E-08
4.032	1.97E-08
4.033	1.97E-08
4.034	1.96E-08
4.035	1.96E-08
4.036	1.96E-08
4.037	1.95E-08
4.038	1.95E-08
4.039	1.94E-08
4.04	1.94E-08
4.041	1.94E-08
4.042	1.93E-08
4.043	1.93E-08
4.044	1.93E-08
4.045	1.92E-08
4.046	1.92E-08
4.047	1.92E-08
4.048	1.91E-08
4.049	1.91E-08
4.05	1.90E-08
4.051	1.90E-08
4.052	1.90E-08
4.053	1.89E-08
4.054	1.89E-08
4.055	1.89E-08
4.056	1.88E-08
4.057	1.88E-08
4.058	1.88E-08
4.059	1.87E-08
4.06	1.87E-08
4.061	1.87E-08
4.062	1.86E-08
4.063	1.86E-08
4.064	1.86E-08
4.065	1.85E-08
4.066	1.85E-08
4.067	1.84E-08
4.068	1.84E-08
4.069	1.84E-08
4.07	1.83E-08
4.071	1.83E-08
4.072	1.83E-08
4.073	1.82E-08
4.074	1.82E-08
4.075	1.82E-08
4.076	1.81E-08
4.077	1.81E-08
4.078	1.81E-08
4.079	1.80E-08
4.08	1.80E-08
4.081	1.80E-08
4.082	1.79E-08
4.083	1.79E-08
4.084	1.79E-08
4.085	1.78E-08
4.086	1.78E-08
4.087	1.78E-08
4.088	1.77E-08
4.089	1.77E-08
4.09	1.77E-08
4.091	1.76E-08
4.092	1.76E-08
4.093	1.76E-08
4.094	1.75E-08
4.095	1.75E-08
4.096	1.75E-08
4.097	1.74E-08
4.098	1.74E-08
4.099	1.74E-08
4.1	1.73E-08
4.101	1.73E-08
4.102	1.73E-08
4.103	1.72E-08
4.104	1.72E-08
4.105	1.72E-08
4.106	1.71E-08
4.107	1.71E-08
4.108	1.71E-08
4.109	1.70E-08
4.11	1.70E-08
4.111	1.70E-08
4.112	1.70E-08
4.113	1.69E-08
4.114	1.69E-08
4.115	1.69E-08
4.116	1.68E-08
4.117	1.68E-08
4.118	1.68E-08
4.119	1.67E-08
4.12	1.67E-08
4.121	1.67E-08
4.122	1.66E-08
4.123	1.66E-08
4.124	1.66E-08
4.125	1.65E-08
4.126	1.65E-08
4.127	1.65E-08
4.128	1.65E-08
4.129	1.64E-08
4.13	1.64E-08
4.131	1.64E-08
4.132	1.63E-08
4.133	1.63E-08
4.134	1.63E-08
4.135	1.62E-08
4.136	1.62E-08
4.137	1.62E-08
4.138	1.61E-08
4.139	1.61E-08
4.14	1.61E-08
4.141	1.61E-08
4.142	1.60E-08
4.143	1.60E-08
4.144	1.60E-08
4.145	1.59E-08
4.146	1.59E-08
4.147	1.59E-08
4.148	1.58E-08
4.149	1.58E-08
4.15	1.58E-08
4.151	1.58E-08
4.152	1.57E-08
4.153	1.57E-08
4.154	1.57E-08
4.155	1.56E-08
4.156	1.56E-08
4.157	1.56E-08
4.158	1.56E-08
4.159	1.55E-08
4.16	1.55E-08
4.161	1.55E-08
4.162	1.54E-08
4.163	1.54E-08
4.164	1.54E-08
4.165	1.54E-08
4.166	1.53E-08
4.167	1.53E-08
4.168	1.53E-08
4.169	1.52E-08
4.17	1.52E-08
4.171	1.52E-08
4.172	1.52E-08
4.173	1.51E-08
4.174	1.51E-08
4.175	1.51E-08
4.176	1.50E-08
4.177	1.50E-08
4.178	1.50E-08
4.179	1.50E-08
4.18	1.49E-08
4.181	1.49E-08
4.182	1.49E-08
4.183	1.49E-08
4.184	1.48E-08
4.185	1.48E-08
4.186	1.48E-08
4.187	1.47E-08
4.188	1.47E-08
4.189	1.47E-08
4.19	1.47E-08
4.191	1.46E-08
4.192	1.46E-08
4.193	1.46E-08
4.194	1.46E-08
4.195	1.45E-08
4.196	1.45E-08
4.197	1.45E-08
4.198	1.44E-08
4.199	1.44E-08
4.2	1.44E-08
4.201	1.44E-08
4.202	1.43E-08
4.203	1.43E-08
4.204	1.43E-08
4.205	1.43E-08
4.206	1.42E-08
4.207	1.42E-08
4.208	1.42E-08
4.209	1.42E-08
4.21	1.41E-08
4.211	1.41E-08
4.212	1.41E-08
4.213	1.40E-08
4.214	1.40E-08
4.215	1.40E-08
4.216	1.40E-08
4.217	1.39E-08
4.218	1.39E-08
4.219	1.39E-08
4.22	1.39E-08
4.221	1.38E-08
4.222	1.38E-08
4.223	1.38E-08
4.224	1.38E-08
4.225	1.37E-08
4.226	1.37E-08
4.227	1.37E-08
4.228	1.37E-08
4.229	1.36E-08
4.23	1.36E-08
4.231	1.36E-08
4.232	1.36E-08
4.233	1.35E-08
4.234	1.35E-08
4.235	1.35E-08
4.236	1.35E-08
4.237	1.34E-08
4.238	1.34E-08
4.239	1.34E-08
4.24	1.34E-08
4.241	1.33E-08
4.242	1.33E-08
4.243	1.33E-08
4.244	1.33E-08
4.245	1.32E-08
4.246	1.32E-08
4.247	1.32E-08
4.248	1.32E-08
4.249	1.31E-08
4.25	1.31E-08
4.251	1.31E-08
4.252	1.31E-08
4.253	1.31E-08
4.254	1.30E-08
4.255	1.30E-08
4.256	1.30E-08
4.257	1.30E-08
4.258	1.29E-08
4.259	1.29E-08
4.26	1.29E-08
4.261	1.29E-08
4.262	1.28E-08
4.263	1.28E-08
4.264	1.28E-08
4.265	1.28E-08
4.266	1.27E-08
4.267	1.27E-08
4.268	1.27E-08
4.269	1.27E-08
4.27	1.27E-08
4.271	1.26E-08
4.272	1.26E-08
4.273	1.26E-08
4.274	1.26E-08
4.275	1.25E-08
4.276	1.25E-08
4.277	1.25E-08
4.278	1.25E-08
4.279	1.24E-08
4.28	1.24E-08
4.281	1.24E-08
4.282	1.24E-08
4.283	1.24E-08
4.284	1.23E-08
4.285	1.23E-08
4.286	1.23E-08
4.287	1.23E-08
4.288	1.22E-08
4.289	1.22E-08
4.29	1.22E-08
4.291	1.22E-08
4.292	1.22E-08
4.293	1.21E-08
4.294	1.21E-08
4.295	1.21E-08
4.296	1.21E-08
4.297	1.20E-08
4.298	1.20E-08
4.299	1.20E-08
4.3	1.20E-08
4.301	1.20E-08
4.302	1.19E-08
4.303	1.19E-08
4.304	1.19E-08
4.305	1.19E-08
4.306	1.18E-08
4.307	1.18E-08
4.308	1.18E-08
4.309	1.18E-08
4.31	1.18E-08
4.311	1.17E-08
4.312	1.17E-08
4.313	1.17E-08
4.314	1.17E-08
4.315	1.17E-08
4.316	1.16E-08
4.317	1.16E-08
4.318	1.16E-08
4.319	1.16E-08
4.32	1.15E-08
4.321	1.15E-08
4.322	1.15E-08
4.323	1.15E-08
4.324	1.15E-08
4.325	1.14E-08
4.326	1.14E-08
4.327	1.14E-08
4.328	1.14E-08
4.329	1.14E-08
4.33	1.13E-08
4.331	1.13E-08
4.332	1.13E-08
4.333	1.13E-08
4.334	1.13E-08
4.335	1.12E-08
4.336	1.12E-08
4.337	1.12E-08
4.338	1.12E-08
4.339	1.12E-08
4.34	1.11E-08
4.341	1.11E-08
4.342	1.11E-08
4.343	1.11E-08
4.344	1.11E-08
4.345	1.10E-08
4.346	1.10E-08
4.347	1.10E-08
4.348	1.10E-08
4.349	1.10E-08
4.35	1.09E-08
4.351	1.09E-08
4.352	1.09E-08
4.353	1.09E-08
4.354	1.09E-08
4.355	1.08E-08
4.356	1.08E-08
4.357	1.08E-08
4.358	1.08E-08
4.359	1.08E-08
4.36	1.07E-08
4.361	1.07E-08
4.362	1.07E-08
4.363	1.07E-08
4.364	1.07E-08
4.365	1.06E-08
4.366	1.06E-08
4.367	1.06E-08
4.368	1.06E-08
4.369	1.06E-08
4.37	1.05E-08
4.371	1.05E-08
4.372	1.05E-08
4.373	1.05E-08
4.374	1.05E-08
4.375	1.05E-08
4.376	1.04E-08
4.377	1.04E-08
4.378	1.04E-08
4.379	1.04E-08
4.38	1.04E-08
4.381	1.03E-08
4.382	1.03E-08
4.383	1.03E-08
4.384	1.03E-08
4.385	1.03E-08
4.386	1.02E-08
4.387	1.02E-08
4.388	1.02E-08
4.389	1.02E-08
4.39	1.02E-08
4.391	1.02E-08
4.392	1.01E-08
4.393	1.01E-08
4.394	1.01E-08
4.395	1.01E-08
4.396	1.01E-08
4.397	1.00E-08
4.398	1.00E-08
4.399	1.00E-08
4.4	9.99E-09
4.401	9.97E-09
4.402	9.96E-09
4.403	9.94E-09
4.404	9.92E-09
4.405	9.90E-09
4.406	9.88E-09
4.407	9.87E-09
4.408	9.85E-09
4.409	9.83E-09
4.41	9.81E-09
4.411	9.80E-09
4.412	9.78E-09
4.413	9.76E-09
4.414	9.74E-09
4.415	9.73E-09
4.416	9.71E-09
4.417	9.69E-09
4.418	9.67E-09
4.419	9.66E-09
4.42	9.64E-09
4.421	9.62E-09
4.422	9.60E-09
4.423	9.59E-09
4.424	9.57E-09
4.425	9.55E-09
4.426	9.54E-09
4.427	9.52E-09
4.428	9.50E-09
4.429	9.48E-09
4.43	9.47E-09
4.431	9.45E-09
4.432	9.43E-09
4.433	9.42E-09
4.434	9.40E-09
4.435	9.38E-09
4.436	9.37E-09
4.437	9.35E-09
4.438	9.33E-09
4.439	9.32E-09
4.44	9.30E-09
4.441	9.28E-09
4.442	9.27E-09
4.443	9.25E-09
4.444	9.23E-09
4.445	9.22E-09
4.446	9.20E-09
4.447	9.18E-09
4.448	9.17E-09
4.449	9.15E-09
4.45	9.14E-09
4.451	9.12E-09
4.452	9.10E-09
4.453	9.09E-09
4.454	9.07E-09
4.455	9.05E-09
4.456	9.04E-09
4.457	9.02E-09
4.458	9.01E-09
4.459	8.99E-09
4.46	8.97E-09
4.461	8.96E-09
4.462	8.94E-09
4.463	8.93E-09
4.464	8.91E-09
4.465	8.89E-09
4.466	8.88E-09
4.467	8.86E-09
4.468	8.85E-09
4.469	8.83E-09
4.47	8.81E-09
4.471	8.80E-09
4.472	8.78E-09
4.473	8.77E-09
4.474	8.75E-09
4.475	8.74E-09
4.476	8.72E-09
4.477	8.71E-09
4.478	8.69E-09
4.479	8.67E-09
4.48	8.66E-09
4.481	8.64E-09
4.482	8.63E-09
4.483	8.61E-09
4.484	8.60E-09
4.485	8.58E-09
4.486	8.57E-09
4.487	8.55E-09
4.488	8.54E-09
4.489	8.52E-09
4.49	8.51E-09
4.491	8.49E-09
4.492	8.48E-09
4.493	8.46E-09
4.494	8.45E-09
4.495	8.43E-09
4.496	8.42E-09
4.497	8.40E-09
4.498	8.39E-09
4.499	8.37E-09
4.5	8.36E-09
	
